61
# x y z
0	0	0
5	0	0
10	0	0
15	0	0
20	0	0
25	0	0
30	0	0
35	0	0
40	0	0
45	0	0
50	0	0
55	0	0
60	0	0
65	0	0
70	0	0
75	0	0
80	0	0
85	0	0
90	0	0
95	0	0
100	0	0
105	0	0
110	0	0
115	0	0
120	0	0
125	0	0
130	0	0
135	0	0
140	0	0
145	0	0
150	0	0
155	0	0
160	0	0
165	0	0
170	0	0
175	0	0
180	0	0
185	0	0
190	0	0
195	0	0
200	0	0
205	0	0
210	0	0
215	0	0
220	0	0
225	0	0
230	0	0
235	0	0
240	0	0
245	0	0
250	0	0
255	0	0
260	0	0
265	0	0
270	0	0
275	0	0
280	0	0
285	0	0
290	0	0
295	0	0
300	0	0
811
# a b m n rhoa k u i
25	34	30	31	1.11205000000000e+01	0.00000000000000e+00	8.23973000000000e-03	1.99523000000000e-01
25	34	29	30	1.19210000000000e+01	0.00000000000000e+00	7.57104000000000e-03	1.99523000000000e-01
16	25	21	22	1.21801000000000e+01	0.00000000000000e+00	9.02481000000000e-03	1.99522000000000e-01
16	25	19	20	1.44713000000000e+01	0.00000000000000e+00	1.07225000000000e-02	1.99522000000000e-01
16	25	23	24	1.02986000000000e+01	0.00000000000000e+00	3.38710000000000e-02	1.99522000000000e-01
16	25	18	19	1.82027000000000e+01	0.00000000000000e+00	2.20200000000000e-02	1.99522000000000e-01
7	16	12	13	1.61837000000000e+01	0.00000000000000e+00	1.19912000000000e-02	1.99520000000000e-01
7	16	11	12	1.51416000000000e+01	0.00000000000000e+00	9.61629000000000e-03	1.99520000000000e-01
7	16	9	10	1.68069000000000e+01	0.00000000000000e+00	2.03312000000000e-02	1.99520000000000e-01
24	33	29	30	1.30363000000000e+01	0.00000000000000e+00	9.65940000000000e-03	1.99526000000000e-01
24	33	27	28	1.19958000000000e+01	0.00000000000000e+00	8.88841000000000e-03	1.99526000000000e-01
15	24	20	21	1.22815000000000e+01	0.00000000000000e+00	9.09999000000000e-03	1.99523000000000e-01
15	24	19	20	1.33369000000000e+01	0.00000000000000e+00	8.47030000000000e-03	1.99523000000000e-01
15	24	18	19	1.65092000000000e+01	0.00000000000000e+00	1.22325000000000e-02	1.99523000000000e-01
15	24	22	23	1.10793000000000e+01	0.00000000000000e+00	3.64389000000000e-02	1.99523000000000e-01
15	24	17	18	1.65983000000000e+01	0.00000000000000e+00	2.00792000000000e-02	1.99523000000000e-01
15	24	21	22	1.22331000000000e+01	0.00000000000000e+00	1.47986000000000e-02	1.99523000000000e-01
15	24	16	17	1.76289000000000e+01	0.00000000000000e+00	5.79801000000000e-02	1.99523000000000e-01
6	15	12	13	1.79273000000000e+01	0.00000000000000e+00	2.16869000000000e-02	1.99522000000000e-01
6	15	11	12	1.62022000000000e+01	0.00000000000000e+00	1.20050000000000e-02	1.99522000000000e-01
6	15	8	9	1.39595000000000e+01	0.00000000000000e+00	1.68869000000000e-02	1.99522000000000e-01
32	41	39	40	7.76537000000000e+00	0.00000000000000e+00	2.55400000000000e-02	1.99526000000000e-01
32	41	38	39	1.16288000000000e+01	0.00000000000000e+00	1.40677000000000e-02	1.99526000000000e-01
32	41	36	37	1.21171000000000e+01	0.00000000000000e+00	7.69573000000000e-03	1.99526000000000e-01
32	41	35	36	1.19109000000000e+01	0.00000000000000e+00	8.82554000000000e-03	1.99526000000000e-01
23	32	30	31	1.01716000000000e+01	0.00000000000000e+00	3.34536000000000e-02	1.99523000000000e-01
23	32	28	29	1.32591000000000e+01	0.00000000000000e+00	9.82434000000000e-03	1.99523000000000e-01
23	32	27	28	1.22457000000000e+01	0.00000000000000e+00	7.77727000000000e-03	1.99523000000000e-01
14	23	20	21	1.29262000000000e+01	0.00000000000000e+00	1.56372000000000e-02	1.99526000000000e-01
14	23	19	20	1.35202000000000e+01	0.00000000000000e+00	1.00179000000000e-02	1.99526000000000e-01
14	23	17	18	1.51998000000000e+01	0.00000000000000e+00	1.12625000000000e-02	1.99526000000000e-01
14	23	21	22	1.28217000000000e+01	0.00000000000000e+00	4.21702000000000e-02	1.99526000000000e-01
14	23	16	17	1.70575000000000e+01	0.00000000000000e+00	2.06350000000000e-02	1.99526000000000e-01
14	23	15	16	1.77391000000000e+01	0.00000000000000e+00	5.83433000000000e-02	1.99526000000000e-01
5	14	9	10	1.30186000000000e+01	0.00000000000000e+00	8.26797000000000e-03	1.99519000000000e-01
5	14	7	8	1.25026000000000e+01	0.00000000000000e+00	1.51243000000000e-02	1.99519000000000e-01
5	14	6	7	1.41064000000000e+01	0.00000000000000e+00	4.63940000000000e-02	1.99519000000000e-01
31	40	38	39	1.01610000000000e+01	0.00000000000000e+00	3.34188000000000e-02	1.99524000000000e-01
31	40	37	38	1.20000000000000e+01	0.00000000000000e+00	1.45167000000000e-02	1.99524000000000e-01
31	40	36	37	1.24229000000000e+01	0.00000000000000e+00	9.20483000000000e-03	1.99524000000000e-01
31	40	35	36	1.18724000000000e+01	0.00000000000000e+00	7.54026000000000e-03	1.99524000000000e-01
31	40	34	35	1.23723000000000e+01	0.00000000000000e+00	9.16737000000000e-03	1.99524000000000e-01
31	40	33	34	1.23882000000000e+01	0.00000000000000e+00	1.49863000000000e-02	1.99524000000000e-01
31	40	32	33	1.06592000000000e+01	0.00000000000000e+00	3.50574000000000e-02	1.99524000000000e-01
22	31	29	30	1.02903000000000e+01	0.00000000000000e+00	3.38442000000000e-02	1.99523000000000e-01
5	41	9	13	1.15877000000000e+01	0.00000000000000e+00	9.53024000000000e-03	1.99574000000000e-01
4	40	24	28	5.22205000000000e+00	0.00000000000000e+00	9.67590000000000e-04	1.99579000000000e-01
4	40	20	24	4.49196000000000e+00	0.00000000000000e+00	7.13411000000000e-04	1.99579000000000e-01
4	40	12	16	7.82691000000000e+00	0.00000000000000e+00	2.36775000000000e-03	1.99579000000000e-01
3	39	31	35	8.36310000000000e+00	0.00000000000000e+00	6.87863000000000e-03	1.99588000000000e-01
29	38	32	33	1.19890000000000e+01	0.00000000000000e+00	8.88349000000000e-03	1.99528000000000e-01
21	30	27	28	1.05442000000000e+01	0.00000000000000e+00	1.27556000000000e-02	1.99524000000000e-01
2	38	10	14	8.72611000000000e+00	0.00000000000000e+00	2.63997000000000e-03	1.99594000000000e-01
14	32	16	18	1.71718000000000e+01	0.00000000000000e+00	2.82401000000000e-02	1.99536000000000e-01
5	14	10	11	1.56880000000000e+01	0.00000000000000e+00	1.16238000000000e-02	1.99519000000000e-01
9	45	21	25	4.71722000000000e+00	0.00000000000000e+00	8.74030000000000e-04	1.99574000000000e-01
1	55	43	49	1.23395000000000e+01	0.00000000000000e+00	6.76761000000000e-03	1.99632000000000e-01
43	61	55	57	1.08017000000000e+01	0.00000000000000e+00	6.53400000000000e-03	1.99539000000000e-01
10	19	16	17	1.53260000000000e+01	0.00000000000000e+00	1.85401000000000e-02	1.99523000000000e-01
13	31	25	27	1.04178000000000e+01	0.00000000000000e+00	6.30159000000000e-03	1.99532000000000e-01
6	24	8	10	1.42718000000000e+01	0.00000000000000e+00	2.34717000000000e-02	1.99543000000000e-01
37	55	47	49	1.44869000000000e+01	0.00000000000000e+00	5.36806000000000e-03	1.99561000000000e-01
33	51	41	43	7.75415000000000e+00	0.00000000000000e+00	2.46240000000000e-03	1.99528000000000e-01
25	61	37	41	5.71271000000000e+00	0.00000000000000e+00	1.05862000000000e-03	1.99600000000000e-01
20	29	23	24	1.32024000000000e+01	0.00000000000000e+00	9.78259000000000e-03	1.99528000000000e-01
1	19	13	15	1.21261000000000e+01	0.00000000000000e+00	7.33590000000000e-03	1.99558000000000e-01
9	27	13	15	1.19968000000000e+01	0.00000000000000e+00	7.25691000000000e-03	1.99538000000000e-01
29	38	33	34	1.11711000000000e+01	0.00000000000000e+00	7.09496000000000e-03	1.99528000000000e-01
21	30	28	29	9.44186000000000e+00	0.00000000000000e+00	3.10536000000000e-02	1.99524000000000e-01
23	59	47	51	1.13240000000000e+01	0.00000000000000e+00	3.42608000000000e-03	1.99603000000000e-01
1	10	6	7	1.49173000000000e+01	0.00000000000000e+00	1.10532000000000e-02	1.99528000000000e-01
20	38	32	34	8.58395000000000e+00	0.00000000000000e+00	5.19283000000000e-03	1.99552000000000e-01
25	43	27	29	1.14507000000000e+01	0.00000000000000e+00	1.88320000000000e-02	1.99542000000000e-01
13	49	37	41	7.47435000000000e+00	0.00000000000000e+00	2.26098000000000e-03	1.99569000000000e-01
5	23	19	21	1.30742000000000e+01	0.00000000000000e+00	2.15014000000000e-02	1.99535000000000e-01
21	57	45	49	1.14634000000000e+01	0.00000000000000e+00	3.46832000000000e-03	1.99608000000000e-01
21	57	29	33	6.85083000000000e+00	0.00000000000000e+00	2.07277000000000e-03	1.99608000000000e-01
23	59	39	43	1.42506000000000e+01	0.00000000000000e+00	2.26355000000000e-03	1.99603000000000e-01
11	47	39	43	1.17749000000000e+01	0.00000000000000e+00	9.68386000000000e-03	1.99568000000000e-01
19	55	35	39	5.85693000000000e+00	0.00000000000000e+00	9.30342000000000e-04	1.99610000000000e-01
11	47	35	39	9.36055000000000e+00	0.00000000000000e+00	2.83154000000000e-03	1.99568000000000e-01
3	39	23	27	5.04093000000000e+00	0.00000000000000e+00	9.34076000000000e-04	1.99588000000000e-01
23	59	27	31	1.03560000000000e+01	0.00000000000000e+00	8.51844000000000e-03	1.99603000000000e-01
32	41	33	34	1.95539000000000e+01	0.00000000000000e+00	6.43122000000000e-02	1.99526000000000e-01
27	36	28	29	1.06457000000000e+01	0.00000000000000e+00	3.50135000000000e-02	1.99528000000000e-01
27	36	33	34	1.03032000000000e+01	0.00000000000000e+00	1.24643000000000e-02	1.99528000000000e-01
19	55	31	35	5.71259000000000e+00	0.00000000000000e+00	1.05865000000000e-03	1.99610000000000e-01
14	23	18	19	1.53318000000000e+01	0.00000000000000e+00	9.73742000000000e-03	1.99526000000000e-01
11	47	31	35	5.67760000000000e+00	0.00000000000000e+00	1.05194000000000e-03	1.99568000000000e-01
1	10	8	9	1.97032000000000e+01	0.00000000000000e+00	6.48036000000000e-02	1.99528000000000e-01
6	15	7	8	1.47263000000000e+01	0.00000000000000e+00	4.84333000000000e-02	1.99522000000000e-01
11	47	27	31	4.80137000000000e+00	0.00000000000000e+00	7.62509000000000e-04	1.99568000000000e-01
1	37	13	17	6.18358000000000e+00	0.00000000000000e+00	1.14583000000000e-03	1.99591000000000e-01
9	45	13	17	1.16221000000000e+01	0.00000000000000e+00	9.55847000000000e-03	1.99574000000000e-01
2	38	22	26	4.92931000000000e+00	0.00000000000000e+00	9.13419000000000e-04	1.99594000000000e-01
4	13	8	9	1.13900000000000e+01	0.00000000000000e+00	7.23384000000000e-03	1.99524000000000e-01
17	53	21	25	1.09757000000000e+01	0.00000000000000e+00	9.02866000000000e-03	1.99615000000000e-01
2	11	9	10	2.02558000000000e+01	0.00000000000000e+00	6.66204000000000e-02	1.99525000000000e-01
29	38	36	37	1.33990000000000e+01	0.00000000000000e+00	4.40695000000000e-02	1.99528000000000e-01
7	61	37	43	4.71824000000000e+00	0.00000000000000e+00	5.82941000000000e-04	1.99617000000000e-01
7	61	31	37	3.61865000000000e+00	0.00000000000000e+00	3.83216000000000e-04	1.99617000000000e-01
7	61	25	31	3.41741000000000e+00	0.00000000000000e+00	4.22223000000000e-04	1.99617000000000e-01
22	40	34	36	9.93969000000000e+00	0.00000000000000e+00	6.01287000000000e-03	1.99548000000000e-01
5	23	13	15	8.23995000000000e+00	0.00000000000000e+00	2.61676000000000e-03	1.99535000000000e-01
7	25	9	11	1.69106000000000e+01	0.00000000000000e+00	2.78117000000000e-02	1.99543000000000e-01
14	32	26	28	1.15158000000000e+01	0.00000000000000e+00	6.96584000000000e-03	1.99536000000000e-01
28	37	29	30	9.36249000000000e+00	0.00000000000000e+00	3.07937000000000e-02	1.99531000000000e-01
28	37	34	35	1.06755000000000e+01	0.00000000000000e+00	1.29149000000000e-02	1.99531000000000e-01
5	59	41	47	4.21673000000000e+00	0.00000000000000e+00	8.50583000000000e-04	1.99619000000000e-01
7	61	19	25	4.67551000000000e+00	0.00000000000000e+00	9.43120000000000e-04	1.99617000000000e-01
15	33	23	25	8.14331000000000e+00	0.00000000000000e+00	2.58604000000000e-03	1.99533000000000e-01
5	59	35	41	8.81150000000000e+00	0.00000000000000e+00	1.08867000000000e-03	1.99619000000000e-01
5	59	11	17	9.30773000000000e+00	0.00000000000000e+00	5.10451000000000e-03	1.99619000000000e-01
3	57	39	45	6.56010000000000e+00	0.00000000000000e+00	1.32335000000000e-03	1.99630000000000e-01
3	57	21	27	3.32079000000000e+00	0.00000000000000e+00	4.10311000000000e-04	1.99630000000000e-01
24	33	30	31	1.14327000000000e+01	0.00000000000000e+00	1.38305000000000e-02	1.99526000000000e-01
1	55	37	43	6.84569000000000e+00	0.00000000000000e+00	1.38098000000000e-03	1.99632000000000e-01
5	23	7	9	1.21704000000000e+01	0.00000000000000e+00	2.00150000000000e-02	1.99535000000000e-01
1	55	25	31	3.51428000000000e+00	0.00000000000000e+00	3.72190000000000e-04	1.99632000000000e-01
1	55	13	19	5.94537000000000e+00	0.00000000000000e+00	1.19936000000000e-03	1.99632000000000e-01
1	55	7	13	9.39035000000000e+00	0.00000000000000e+00	5.15015000000000e-03	1.99632000000000e-01
17	53	41	45	7.65477000000000e+00	0.00000000000000e+00	2.31609000000000e-03	1.99615000000000e-01
3	39	15	19	5.80760000000000e+00	0.00000000000000e+00	1.07614000000000e-03	1.99588000000000e-01
11	47	23	27	4.87495000000000e+00	0.00000000000000e+00	9.03227000000000e-04	1.99568000000000e-01
25	43	29	31	9.39385000000000e+00	0.00000000000000e+00	5.68250000000000e-03	1.99542000000000e-01
4	40	32	36	9.45015000000000e+00	0.00000000000000e+00	7.77235000000000e-03	1.99579000000000e-01
12	30	18	20	1.05606000000000e+01	0.00000000000000e+00	3.91261000000000e-03	1.99531000000000e-01
9	27	23	25	1.10181000000000e+01	0.00000000000000e+00	1.81201000000000e-02	1.99538000000000e-01
7	25	15	17	8.25125000000000e+00	0.00000000000000e+00	2.62046000000000e-03	1.99543000000000e-01
5	14	12	13	1.91117000000000e+01	0.00000000000000e+00	6.28555000000000e-02	1.99519000000000e-01
1	37	29	33	8.92381000000000e+00	0.00000000000000e+00	7.33994000000000e-03	1.99591000000000e-01
37	55	39	41	9.50881000000000e+00	0.00000000000000e+00	1.56398000000000e-02	1.99561000000000e-01
2	38	30	34	8.39865000000000e+00	0.00000000000000e+00	6.90807000000000e-03	1.99594000000000e-01
5	14	8	9	1.16785000000000e+01	0.00000000000000e+00	8.65303000000000e-03	1.99519000000000e-01
21	39	29	31	7.58875000000000e+00	0.00000000000000e+00	2.41012000000000e-03	1.99548000000000e-01
4	13	9	10	1.46522000000000e+01	0.00000000000000e+00	1.08566000000000e-02	1.99524000000000e-01
13	49	41	45	9.30455000000000e+00	0.00000000000000e+00	7.65224000000000e-03	1.99569000000000e-01
5	14	11	12	1.84029000000000e+01	0.00000000000000e+00	2.22619000000000e-02	1.99519000000000e-01
2	38	14	18	5.88025000000000e+00	0.00000000000000e+00	1.08963000000000e-03	1.99594000000000e-01
3	12	9	10	1.77699000000000e+01	0.00000000000000e+00	2.14969000000000e-02	1.99526000000000e-01
4	13	6	7	1.12747000000000e+01	0.00000000000000e+00	1.36393000000000e-02	1.99524000000000e-01
9	27	17	19	8.84827000000000e+00	0.00000000000000e+00	2.80998000000000e-03	1.99538000000000e-01
17	53	29	33	5.12809000000000e+00	0.00000000000000e+00	9.50353000000000e-04	1.99615000000000e-01
19	55	47	51	1.38764000000000e+01	0.00000000000000e+00	1.14146000000000e-02	1.99610000000000e-01
14	32	24	26	8.93935000000000e+00	0.00000000000000e+00	3.31203000000000e-03	1.99536000000000e-01
1	61	43	49	8.24246000000000e+00	0.00000000000000e+00	1.61090000000000e-03	1.99645000000000e-01
7	16	13	14	1.68339000000000e+01	0.00000000000000e+00	2.03639000000000e-02	1.99520000000000e-01
4	40	16	20	5.54304000000000e+00	0.00000000000000e+00	1.02707000000000e-03	1.99579000000000e-01
1	61	37	43	5.45680000000000e+00	0.00000000000000e+00	6.19240000000000e-04	1.99645000000000e-01
6	24	10	12	1.29429000000000e+01	0.00000000000000e+00	7.82942000000000e-03	1.99543000000000e-01
1	61	25	31	2.95174000000000e+00	0.00000000000000e+00	2.60529000000000e-04	1.99645000000000e-01
1	37	5	9	1.06245000000000e+01	0.00000000000000e+00	8.73878000000000e-03	1.99591000000000e-01
3	39	19	23	4.38521000000000e+00	0.00000000000000e+00	6.96491000000000e-04	1.99588000000000e-01
1	61	19	25	3.12279000000000e+00	0.00000000000000e+00	3.54376000000000e-04	1.99645000000000e-01
3	21	13	15	9.10412000000000e+00	0.00000000000000e+00	3.37324000000000e-03	1.99546000000000e-01
5	59	23	29	3.37647000000000e+00	0.00000000000000e+00	4.17167000000000e-04	1.99619000000000e-01
2	20	6	8	9.52012000000000e+00	0.00000000000000e+00	5.75916000000000e-03	1.99552000000000e-01
10	28	20	22	8.56448000000000e+00	0.00000000000000e+00	3.17320000000000e-03	1.99540000000000e-01
4	22	16	18	1.15934000000000e+01	0.00000000000000e+00	7.01322000000000e-03	1.99547000000000e-01
29	47	37	39	9.77997000000000e+00	0.00000000000000e+00	3.10579000000000e-03	1.99533000000000e-01
2	11	3	4	1.06316000000000e+01	0.00000000000000e+00	3.49669000000000e-02	1.99525000000000e-01
11	29	17	19	1.04036000000000e+01	0.00000000000000e+00	3.85450000000000e-03	1.99534000000000e-01
12	30	20	22	8.14195000000000e+00	0.00000000000000e+00	2.58558000000000e-03	1.99531000000000e-01
19	28	23	24	1.22411000000000e+01	0.00000000000000e+00	7.77449000000000e-03	1.99526000000000e-01
13	31	17	19	1.41586000000000e+01	0.00000000000000e+00	8.56433000000000e-03	1.99532000000000e-01
14	32	20	22	9.28044000000000e+00	0.00000000000000e+00	3.43840000000000e-03	1.99536000000000e-01
15	33	21	23	9.07287000000000e+00	0.00000000000000e+00	3.36145000000000e-03	1.99533000000000e-01
1	61	13	19	5.73288000000000e+00	0.00000000000000e+00	1.12043000000000e-03	1.99645000000000e-01
5	59	29	35	3.45127000000000e+00	0.00000000000000e+00	3.65493000000000e-04	1.99619000000000e-01
13	22	18	19	1.51651000000000e+01	0.00000000000000e+00	1.12369000000000e-02	1.99527000000000e-01
19	55	39	43	6.28598000000000e+00	0.00000000000000e+00	1.16491000000000e-03	1.99610000000000e-01
7	43	23	27	4.44555000000000e+00	0.00000000000000e+00	7.06033000000000e-04	1.99576000000000e-01
25	61	33	37	7.94704000000000e+00	0.00000000000000e+00	2.40435000000000e-03	1.99600000000000e-01
43	61	47	49	1.46815000000000e+01	0.00000000000000e+00	8.88093000000000e-03	1.99539000000000e-01
10	19	13	14	1.46219000000000e+01	0.00000000000000e+00	1.08342000000000e-02	1.99523000000000e-01
4	40	8	12	1.01982000000000e+01	0.00000000000000e+00	8.38763000000000e-03	1.99579000000000e-01
25	43	39	41	1.01080000000000e+01	0.00000000000000e+00	1.66239000000000e-02	1.99542000000000e-01
25	43	37	39	1.17741000000000e+01	0.00000000000000e+00	7.12236000000000e-03	1.99542000000000e-01
2	38	26	30	7.18406000000000e+00	0.00000000000000e+00	2.17344000000000e-03	1.99594000000000e-01
22	40	32	34	8.13951000000000e+00	0.00000000000000e+00	3.01587000000000e-03	1.99548000000000e-01
5	23	11	13	9.90327000000000e+00	0.00000000000000e+00	3.66915000000000e-03	1.99535000000000e-01
7	61	13	19	9.05006000000000e+00	0.00000000000000e+00	4.96316000000000e-03	1.99617000000000e-01
15	33	29	31	1.23134000000000e+01	0.00000000000000e+00	2.02500000000000e-02	1.99533000000000e-01
8	17	15	16	1.74566000000000e+01	0.00000000000000e+00	5.74153000000000e-02	1.99530000000000e-01
3	39	11	15	8.30577000000000e+00	0.00000000000000e+00	2.51273000000000e-03	1.99588000000000e-01
23	59	31	35	7.58434000000000e+00	0.00000000000000e+00	2.29464000000000e-03	1.99603000000000e-01
23	41	25	27	1.24168000000000e+01	0.00000000000000e+00	2.04212000000000e-02	1.99545000000000e-01
25	34	28	29	1.19986000000000e+01	0.00000000000000e+00	8.89037000000000e-03	1.99523000000000e-01
3	57	27	33	3.40213000000000e+00	0.00000000000000e+00	3.60310000000000e-04	1.99630000000000e-01
1	19	15	17	1.52423000000000e+01	0.00000000000000e+00	2.50699000000000e-02	1.99558000000000e-01
9	27	15	17	9.22470000000000e+00	0.00000000000000e+00	3.41778000000000e-03	1.99538000000000e-01
7	16	10	11	1.58695000000000e+01	0.00000000000000e+00	1.17583000000000e-02	1.99520000000000e-01
17	35	21	23	1.13134000000000e+01	0.00000000000000e+00	6.84472000000000e-03	1.99573000000000e-01
5	23	9	11	1.14944000000000e+01	0.00000000000000e+00	6.95290000000000e-03	1.99535000000000e-01
9	45	37	41	1.15748000000000e+01	0.00000000000000e+00	9.51953000000000e-03	1.99574000000000e-01
7	61	49	55	1.01219000000000e+01	0.00000000000000e+00	5.55095000000000e-03	1.99617000000000e-01
13	22	17	18	1.40826000000000e+01	0.00000000000000e+00	8.94404000000000e-03	1.99527000000000e-01
18	36	30	32	9.11439000000000e+00	0.00000000000000e+00	5.51412000000000e-03	1.99567000000000e-01
3	12	10	11	2.05330000000000e+01	0.00000000000000e+00	6.75324000000000e-02	1.99526000000000e-01
23	32	26	27	1.23629000000000e+01	0.00000000000000e+00	9.16032000000000e-03	1.99523000000000e-01
17	53	45	49	1.33026000000000e+01	0.00000000000000e+00	1.09428000000000e-02	1.99615000000000e-01
6	15	10	11	1.49208000000000e+01	0.00000000000000e+00	9.47622000000000e-03	1.99522000000000e-01
7	43	11	15	1.24346000000000e+01	0.00000000000000e+00	1.02269000000000e-02	1.99576000000000e-01
22	31	28	29	1.23848000000000e+01	0.00000000000000e+00	1.49821000000000e-02	1.99523000000000e-01
18	27	23	24	1.15800000000000e+01	0.00000000000000e+00	8.58048000000000e-03	1.99529000000000e-01
3	57	45	51	1.22270000000000e+01	0.00000000000000e+00	6.70589000000000e-03	1.99630000000000e-01
27	45	39	41	1.08510000000000e+01	0.00000000000000e+00	6.56393000000000e-03	1.99542000000000e-01
4	13	11	12	2.00768000000000e+01	0.00000000000000e+00	6.60314000000000e-02	1.99524000000000e-01
15	51	35	39	6.30076000000000e+00	0.00000000000000e+00	1.16742000000000e-03	1.99570000000000e-01
5	59	17	23	5.14759000000000e+00	0.00000000000000e+00	1.03835000000000e-03	1.99619000000000e-01
15	33	17	19	1.73295000000000e+01	0.00000000000000e+00	2.84991000000000e-02	1.99533000000000e-01
16	34	20	22	1.18017000000000e+01	0.00000000000000e+00	7.13868000000000e-03	1.99532000000000e-01
12	30	26	28	1.04345000000000e+01	0.00000000000000e+00	1.71598000000000e-02	1.99531000000000e-01
33	51	35	37	1.13283000000000e+01	0.00000000000000e+00	1.86294000000000e-02	1.99528000000000e-01
3	39	7	11	9.73686000000000e+00	0.00000000000000e+00	8.00855000000000e-03	1.99588000000000e-01
18	36	32	34	1.00795000000000e+01	0.00000000000000e+00	1.65789000000000e-02	1.99567000000000e-01
23	41	27	29	1.08582000000000e+01	0.00000000000000e+00	6.56839000000000e-03	1.99545000000000e-01
8	17	10	11	1.93725000000000e+01	0.00000000000000e+00	2.34362000000000e-02	1.99530000000000e-01
17	53	33	37	5.44634000000000e+00	0.00000000000000e+00	8.65141000000000e-04	1.99615000000000e-01
12	21	15	16	1.49943000000000e+01	0.00000000000000e+00	1.11103000000000e-02	1.99528000000000e-01
9	27	21	23	1.05237000000000e+01	0.00000000000000e+00	6.36580000000000e-03	1.99538000000000e-01
2	38	18	22	4.95569000000000e+00	0.00000000000000e+00	7.87120000000000e-04	1.99594000000000e-01
31	49	37	39	9.38014000000000e+00	0.00000000000000e+00	3.47531000000000e-03	1.99534000000000e-01
8	26	16	18	8.42851000000000e+00	0.00000000000000e+00	2.67665000000000e-03	1.99536000000000e-01
9	27	19	21	8.91408000000000e+00	0.00000000000000e+00	3.30270000000000e-03	1.99538000000000e-01
7	61	43	49	8.11050000000000e+00	0.00000000000000e+00	1.63601000000000e-03	1.99617000000000e-01
3	39	27	31	6.85682000000000e+00	0.00000000000000e+00	2.07438000000000e-03	1.99588000000000e-01
7	43	19	23	4.91777000000000e+00	0.00000000000000e+00	9.11200000000000e-04	1.99576000000000e-01
32	41	37	38	1.20151000000000e+01	0.00000000000000e+00	8.90273000000000e-03	1.99526000000000e-01
15	51	31	35	4.87431000000000e+00	0.00000000000000e+00	7.74104000000000e-04	1.99570000000000e-01
9	45	17	21	7.51288000000000e+00	0.00000000000000e+00	2.27269000000000e-03	1.99574000000000e-01
21	39	23	25	1.33381000000000e+01	0.00000000000000e+00	2.19368000000000e-02	1.99548000000000e-01
15	51	43	47	8.46992000000000e+00	0.00000000000000e+00	6.96587000000000e-03	1.99570000000000e-01
19	55	27	31	7.16872000000000e+00	0.00000000000000e+00	2.16897000000000e-03	1.99610000000000e-01
41	59	43	45	1.00643000000000e+01	0.00000000000000e+00	1.65521000000000e-02	1.99544000000000e-01
5	41	13	17	7.55627000000000e+00	0.00000000000000e+00	2.28583000000000e-03	1.99574000000000e-01
19	55	23	27	1.13533000000000e+01	0.00000000000000e+00	9.33906000000000e-03	1.99610000000000e-01
11	20	18	19	1.63838000000000e+01	0.00000000000000e+00	5.38860000000000e-02	1.99527000000000e-01
9	45	33	37	8.46703000000000e+00	0.00000000000000e+00	2.56133000000000e-03	1.99574000000000e-01
25	43	35	37	9.88032000000000e+00	0.00000000000000e+00	3.66077000000000e-03	1.99542000000000e-01
17	53	25	29	6.88358000000000e+00	0.00000000000000e+00	2.08275000000000e-03	1.99615000000000e-01
2	38	6	10	9.68170000000000e+00	0.00000000000000e+00	7.96340000000000e-03	1.99594000000000e-01
4	22	18	20	1.41756000000000e+01	0.00000000000000e+00	2.33140000000000e-02	1.99547000000000e-01
11	29	13	15	1.71884000000000e+01	0.00000000000000e+00	2.82673000000000e-02	1.99534000000000e-01
19	37	25	27	8.99525000000000e+00	0.00000000000000e+00	3.33317000000000e-03	1.99562000000000e-01
27	45	33	35	9.77396000000000e+00	0.00000000000000e+00	3.62137000000000e-03	1.99542000000000e-01
29	38	31	32	1.05725000000000e+01	0.00000000000000e+00	1.27901000000000e-02	1.99528000000000e-01
37	55	41	43	9.99105000000000e+00	0.00000000000000e+00	6.04433000000000e-03	1.99561000000000e-01
16	25	22	23	1.22172000000000e+01	0.00000000000000e+00	1.47792000000000e-02	1.99522000000000e-01
16	25	17	18	1.68868000000000e+01	0.00000000000000e+00	5.55390000000000e-02	1.99522000000000e-01
13	49	25	29	5.08936000000000e+00	0.00000000000000e+00	9.42959000000000e-04	1.99569000000000e-01
5	41	17	21	5.41101000000000e+00	0.00000000000000e+00	1.00258000000000e-03	1.99574000000000e-01
29	47	41	43	1.20729000000000e+01	0.00000000000000e+00	7.30277000000000e-03	1.99533000000000e-01
17	53	37	41	6.12910000000000e+00	0.00000000000000e+00	1.13586000000000e-03	1.99615000000000e-01
6	15	13	14	1.75610000000000e+01	0.00000000000000e+00	5.77564000000000e-02	1.99522000000000e-01
20	29	24	25	1.11161000000000e+01	0.00000000000000e+00	7.06002000000000e-03	1.99528000000000e-01
18	36	20	22	1.48877000000000e+01	0.00000000000000e+00	2.44875000000000e-02	1.99567000000000e-01
22	31	26	27	1.17685000000000e+01	0.00000000000000e+00	7.47419000000000e-03	1.99523000000000e-01
12	21	18	19	1.56723000000000e+01	0.00000000000000e+00	1.89595000000000e-02	1.99528000000000e-01
7	16	8	9	1.58905000000000e+01	0.00000000000000e+00	5.22617000000000e-02	1.99520000000000e-01
4	40	28	32	6.92982000000000e+00	0.00000000000000e+00	2.09636000000000e-03	1.99579000000000e-01
24	33	28	29	1.26034000000000e+01	0.00000000000000e+00	8.00455000000000e-03	1.99526000000000e-01
21	57	41	45	6.43342000000000e+00	0.00000000000000e+00	1.19222000000000e-03	1.99608000000000e-01
5	59	47	53	1.14847000000000e+01	0.00000000000000e+00	6.29839000000000e-03	1.99619000000000e-01
14	32	22	24	8.52923000000000e+00	0.00000000000000e+00	2.70864000000000e-03	1.99536000000000e-01
1	61	49	55	9.99376000000000e+00	0.00000000000000e+00	5.43947000000000e-03	1.99645000000000e-01
1	61	7	13	9.38693000000000e+00	0.00000000000000e+00	5.10918000000000e-03	1.99645000000000e-01
8	26	22	24	1.15933000000000e+01	0.00000000000000e+00	1.90660000000000e-02	1.99536000000000e-01
9	18	10	11	2.06462000000000e+01	0.00000000000000e+00	6.79055000000000e-02	1.99528000000000e-01
4	13	5	6	1.27725000000000e+01	0.00000000000000e+00	4.20080000000000e-02	1.99524000000000e-01
1	19	5	7	1.07931000000000e+01	0.00000000000000e+00	6.52945000000000e-03	1.99558000000000e-01
2	11	7	8	1.48657000000000e+01	0.00000000000000e+00	1.10149000000000e-02	1.99525000000000e-01
21	30	26	27	1.08723000000000e+01	0.00000000000000e+00	8.05589000000000e-03	1.99524000000000e-01
17	35	19	21	1.56980000000000e+01	0.00000000000000e+00	2.58212000000000e-02	1.99573000000000e-01
41	59	49	51	9.81697000000000e+00	0.00000000000000e+00	3.11772000000000e-03	1.99544000000000e-01
20	38	22	24	1.41840000000000e+01	0.00000000000000e+00	2.33285000000000e-02	1.99552000000000e-01
5	41	21	25	4.26133000000000e+00	0.00000000000000e+00	6.76769000000000e-04	1.99574000000000e-01
20	38	34	36	1.02414000000000e+01	0.00000000000000e+00	1.68440000000000e-02	1.99552000000000e-01
5	41	33	37	1.03660000000000e+01	0.00000000000000e+00	8.52541000000000e-03	1.99574000000000e-01
7	43	27	31	5.47769000000000e+00	0.00000000000000e+00	1.01495000000000e-03	1.99576000000000e-01
7	43	31	35	7.04738000000000e+00	0.00000000000000e+00	2.13190000000000e-03	1.99576000000000e-01
11	47	15	19	1.25263000000000e+01	0.00000000000000e+00	1.03018000000000e-02	1.99568000000000e-01
23	32	29	30	1.32899000000000e+01	0.00000000000000e+00	1.60770000000000e-02	1.99523000000000e-01
11	47	19	23	7.01706000000000e+00	0.00000000000000e+00	2.12264000000000e-03	1.99568000000000e-01
13	49	17	21	1.33813000000000e+01	0.00000000000000e+00	1.10051000000000e-02	1.99569000000000e-01
17	26	18	19	1.91756000000000e+01	0.00000000000000e+00	6.30691000000000e-02	1.99529000000000e-01
17	26	23	24	1.14350000000000e+01	0.00000000000000e+00	1.38336000000000e-02	1.99529000000000e-01
22	31	23	24	1.33385000000000e+01	0.00000000000000e+00	4.38693000000000e-02	1.99523000000000e-01
13	49	21	25	6.91778000000000e+00	0.00000000000000e+00	2.09262000000000e-03	1.99569000000000e-01
23	32	25	26	1.23748000000000e+01	0.00000000000000e+00	1.49700000000000e-02	1.99523000000000e-01
18	27	25	26	9.96112000000000e+00	0.00000000000000e+00	3.27623000000000e-02	1.99529000000000e-01
13	49	29	33	4.17113000000000e+00	0.00000000000000e+00	6.62425000000000e-04	1.99569000000000e-01
13	49	33	37	6.23359000000000e+00	0.00000000000000e+00	1.15496000000000e-03	1.99569000000000e-01
15	51	27	31	5.16868000000000e+00	0.00000000000000e+00	9.57663000000000e-04	1.99570000000000e-01
15	51	39	43	6.99416000000000e+00	0.00000000000000e+00	2.11574000000000e-03	1.99570000000000e-01
28	37	32	33	1.08016000000000e+01	0.00000000000000e+00	6.86040000000000e-03	1.99531000000000e-01
1	10	2	3	1.14300000000000e+01	0.00000000000000e+00	3.75932000000000e-02	1.99528000000000e-01
7	43	15	19	7.59429000000000e+00	0.00000000000000e+00	2.29735000000000e-03	1.99576000000000e-01
18	36	28	30	9.90299000000000e+00	0.00000000000000e+00	3.66962000000000e-03	1.99567000000000e-01
23	41	33	35	8.53781000000000e+00	0.00000000000000e+00	3.16340000000000e-03	1.99545000000000e-01
25	61	49	53	9.38763000000000e+00	0.00000000000000e+00	2.84019000000000e-03	1.99600000000000e-01
2	11	5	6	1.21873000000000e+01	0.00000000000000e+00	9.03031000000000e-03	1.99525000000000e-01
17	35	23	25	8.84555000000000e+00	0.00000000000000e+00	3.27789000000000e-03	1.99573000000000e-01
17	35	25	27	8.09671000000000e+00	0.00000000000000e+00	2.57176000000000e-03	1.99573000000000e-01
3	12	6	7	1.09755000000000e+01	0.00000000000000e+00	8.13245000000000e-03	1.99526000000000e-01
17	35	27	29	9.51209000000000e+00	0.00000000000000e+00	3.52488000000000e-03	1.99573000000000e-01
11	20	14	15	1.47176000000000e+01	0.00000000000000e+00	1.09053000000000e-02	1.99527000000000e-01
17	35	29	31	1.07395000000000e+01	0.00000000000000e+00	6.49748000000000e-03	1.99573000000000e-01
16	34	26	28	9.16295000000000e+00	0.00000000000000e+00	3.39480000000000e-03	1.99532000000000e-01
17	35	31	33	1.02176000000000e+01	0.00000000000000e+00	1.68066000000000e-02	1.99573000000000e-01
23	41	29	31	8.38383000000000e+00	0.00000000000000e+00	3.10634000000000e-03	1.99545000000000e-01
35	53	39	41	8.14852000000000e+00	0.00000000000000e+00	4.92982000000000e-03	1.99568000000000e-01
35	53	41	43	8.18034000000000e+00	0.00000000000000e+00	3.03130000000000e-03	1.99568000000000e-01
22	40	36	38	1.21013000000000e+01	0.00000000000000e+00	1.99026000000000e-02	1.99548000000000e-01
5	23	15	17	9.07431000000000e+00	0.00000000000000e+00	3.36202000000000e-03	1.99535000000000e-01
35	53	43	45	8.06446000000000e+00	0.00000000000000e+00	2.56145000000000e-03	1.99568000000000e-01
3	12	8	9	1.34960000000000e+01	0.00000000000000e+00	1.00000000000000e-02	1.99526000000000e-01
35	53	45	47	8.58222000000000e+00	0.00000000000000e+00	3.18022000000000e-03	1.99568000000000e-01
1	61	31	37	3.66986000000000e+00	0.00000000000000e+00	3.23912000000000e-04	1.99645000000000e-01
35	53	47	49	1.49531000000000e+01	0.00000000000000e+00	9.04653000000000e-03	1.99568000000000e-01
18	36	22	24	1.14549000000000e+01	0.00000000000000e+00	6.93009000000000e-03	1.99567000000000e-01
18	36	24	26	8.80222000000000e+00	0.00000000000000e+00	3.26172000000000e-03	1.99567000000000e-01
18	36	26	28	7.56621000000000e+00	0.00000000000000e+00	2.40318000000000e-03	1.99567000000000e-01
23	41	31	33	7.80022000000000e+00	0.00000000000000e+00	2.47724000000000e-03	1.99545000000000e-01
25	61	29	33	9.44897000000000e+00	0.00000000000000e+00	7.77222000000000e-03	1.99600000000000e-01
6	24	14	16	8.28690000000000e+00	0.00000000000000e+00	2.63177000000000e-03	1.99543000000000e-01
1	19	3	5	1.16352000000000e+01	0.00000000000000e+00	1.91370000000000e-02	1.99558000000000e-01
1	19	7	9	8.68101000000000e+00	0.00000000000000e+00	3.21667000000000e-03	1.99558000000000e-01
1	19	9	11	9.11048000000000e+00	0.00000000000000e+00	2.89355000000000e-03	1.99558000000000e-01
19	37	31	33	8.73514000000000e+00	0.00000000000000e+00	5.28456000000000e-03	1.99562000000000e-01
9	27	11	13	1.76953000000000e+01	0.00000000000000e+00	2.91013000000000e-02	1.99538000000000e-01
19	37	23	25	1.16495000000000e+01	0.00000000000000e+00	7.04770000000000e-03	1.99562000000000e-01
19	37	27	29	8.33624000000000e+00	0.00000000000000e+00	2.64769000000000e-03	1.99562000000000e-01
5	41	29	33	6.75045000000000e+00	0.00000000000000e+00	2.04206000000000e-03	1.99574000000000e-01
20	38	30	32	7.62134000000000e+00	0.00000000000000e+00	2.82394000000000e-03	1.99552000000000e-01
19	37	33	35	1.01647000000000e+01	0.00000000000000e+00	1.67187000000000e-02	1.99562000000000e-01
37	55	43	45	9.04698000000000e+00	0.00000000000000e+00	3.35233000000000e-03	1.99561000000000e-01
7	25	17	19	9.69240000000000e+00	0.00000000000000e+00	3.59117000000000e-03	1.99543000000000e-01
4	13	10	11	1.79244000000000e+01	0.00000000000000e+00	2.16836000000000e-02	1.99524000000000e-01
37	55	45	47	8.96400000000000e+00	0.00000000000000e+00	2.84707000000000e-03	1.99561000000000e-01
9	18	11	12	1.80533000000000e+01	0.00000000000000e+00	2.18399000000000e-02	1.99528000000000e-01
37	55	49	51	1.22473000000000e+01	0.00000000000000e+00	7.40932000000000e-03	1.99561000000000e-01
37	55	51	53	9.89955000000000e+00	0.00000000000000e+00	1.62825000000000e-02	1.99561000000000e-01
43	61	49	51	9.34445000000000e+00	0.00000000000000e+00	3.46217000000000e-03	1.99539000000000e-01
25	61	41	45	5.32969000000000e+00	0.00000000000000e+00	8.46550000000000e-04	1.99600000000000e-01
9	18	12	13	1.55740000000000e+01	0.00000000000000e+00	1.15399000000000e-02	1.99528000000000e-01
2	20	8	10	8.52410000000000e+00	0.00000000000000e+00	3.15843000000000e-03	1.99552000000000e-01
2	20	10	12	9.35695000000000e+00	0.00000000000000e+00	2.97174000000000e-03	1.99552000000000e-01
31	49	43	45	9.16916000000000e+00	0.00000000000000e+00	5.54636000000000e-03	1.99534000000000e-01
10	28	12	14	1.72468000000000e+01	0.00000000000000e+00	2.83640000000000e-02	1.99540000000000e-01
2	20	14	16	1.14991000000000e+01	0.00000000000000e+00	6.95634000000000e-03	1.99552000000000e-01
10	28	14	16	1.20682000000000e+01	0.00000000000000e+00	7.30016000000000e-03	1.99540000000000e-01
2	20	16	18	1.47702000000000e+01	0.00000000000000e+00	2.42925000000000e-02	1.99552000000000e-01
10	28	16	18	9.48033000000000e+00	0.00000000000000e+00	3.51253000000000e-03	1.99540000000000e-01
20	38	24	26	1.09773000000000e+01	0.00000000000000e+00	6.64070000000000e-03	1.99552000000000e-01
12	30	24	26	9.48180000000000e+00	0.00000000000000e+00	5.73536000000000e-03	1.99531000000000e-01
5	41	25	29	5.30582000000000e+00	0.00000000000000e+00	9.83092000000000e-04	1.99574000000000e-01
20	38	26	28	9.08866000000000e+00	0.00000000000000e+00	3.36762000000000e-03	1.99552000000000e-01
25	43	31	33	8.65762000000000e+00	0.00000000000000e+00	3.20775000000000e-03	1.99542000000000e-01
20	38	28	30	8.31069000000000e+00	0.00000000000000e+00	2.63945000000000e-03	1.99552000000000e-01
25	43	33	35	8.61756000000000e+00	0.00000000000000e+00	2.73678000000000e-03	1.99542000000000e-01
21	57	25	29	1.07923000000000e+01	0.00000000000000e+00	8.87753000000000e-03	1.99608000000000e-01
19	28	22	23	1.33745000000000e+01	0.00000000000000e+00	9.91001000000000e-03	1.99526000000000e-01
11	20	17	18	1.50168000000000e+01	0.00000000000000e+00	1.81664000000000e-02	1.99527000000000e-01
7	16	14	15	1.73795000000000e+01	0.00000000000000e+00	5.71587000000000e-02	1.99520000000000e-01
3	12	7	8	1.20073000000000e+01	0.00000000000000e+00	7.62600000000000e-03	1.99526000000000e-01
3	21	5	7	1.13776000000000e+01	0.00000000000000e+00	1.87122000000000e-02	1.99546000000000e-01
35	53	37	39	1.05470000000000e+01	0.00000000000000e+00	1.73480000000000e-02	1.99568000000000e-01
3	21	7	9	9.24925000000000e+00	0.00000000000000e+00	5.59512000000000e-03	1.99546000000000e-01
6	15	9	10	1.40971000000000e+01	0.00000000000000e+00	1.04453000000000e-02	1.99522000000000e-01
3	21	9	11	9.21070000000000e+00	0.00000000000000e+00	3.41273000000000e-03	1.99546000000000e-01
41	59	45	47	1.00950000000000e+01	0.00000000000000e+00	6.10671000000000e-03	1.99544000000000e-01
3	21	11	13	9.17751000000000e+00	0.00000000000000e+00	2.91466000000000e-03	1.99546000000000e-01
39	57	43	45	1.02412000000000e+01	0.00000000000000e+00	6.19539000000000e-03	1.99552000000000e-01
3	21	17	19	1.50976000000000e+01	0.00000000000000e+00	2.48302000000000e-02	1.99546000000000e-01
21	39	25	27	1.09672000000000e+01	0.00000000000000e+00	6.63446000000000e-03	1.99548000000000e-01
21	39	27	29	9.06008000000000e+00	0.00000000000000e+00	3.35696000000000e-03	1.99548000000000e-01
22	40	30	32	7.44628000000000e+00	0.00000000000000e+00	2.36487000000000e-03	1.99548000000000e-01
12	30	22	24	8.60999000000000e+00	0.00000000000000e+00	3.18992000000000e-03	1.99531000000000e-01
21	39	31	33	7.49094000000000e+00	0.00000000000000e+00	2.77556000000000e-03	1.99548000000000e-01
3	57	9	15	9.41307000000000e+00	0.00000000000000e+00	5.16258000000000e-03	1.99630000000000e-01
9	45	25	29	4.57119000000000e+00	0.00000000000000e+00	7.25978000000000e-04	1.99574000000000e-01
29	47	31	33	1.15364000000000e+01	0.00000000000000e+00	1.89720000000000e-02	1.99533000000000e-01
21	39	33	35	8.66735000000000e+00	0.00000000000000e+00	5.24318000000000e-03	1.99548000000000e-01
4	22	12	14	8.67110000000000e+00	0.00000000000000e+00	2.75384000000000e-03	1.99547000000000e-01
29	47	33	35	1.22247000000000e+01	0.00000000000000e+00	7.39462000000000e-03	1.99533000000000e-01
4	22	14	16	9.05057000000000e+00	0.00000000000000e+00	3.35342000000000e-03	1.99547000000000e-01
29	47	35	37	1.04853000000000e+01	0.00000000000000e+00	3.88473000000000e-03	1.99533000000000e-01
39	57	41	43	1.14497000000000e+01	0.00000000000000e+00	1.88313000000000e-02	1.99552000000000e-01
31	49	41	43	8.38400000000000e+00	0.00000000000000e+00	3.10625000000000e-03	1.99534000000000e-01
39	57	45	47	1.00150000000000e+01	0.00000000000000e+00	3.71085000000000e-03	1.99552000000000e-01
31	49	45	47	9.32448000000000e+00	0.00000000000000e+00	1.53346000000000e-02	1.99534000000000e-01
39	57	47	49	1.34394000000000e+01	0.00000000000000e+00	4.26831000000000e-03	1.99552000000000e-01
39	57	49	51	1.11053000000000e+01	0.00000000000000e+00	4.11483000000000e-03	1.99552000000000e-01
39	57	51	53	1.07018000000000e+01	0.00000000000000e+00	6.47402000000000e-03	1.99552000000000e-01
39	57	53	55	9.43081000000000e+00	0.00000000000000e+00	1.55108000000000e-02	1.99552000000000e-01
4	22	6	8	1.09345000000000e+01	0.00000000000000e+00	1.79834000000000e-02	1.99547000000000e-01
4	22	8	10	9.68123000000000e+00	0.00000000000000e+00	5.85647000000000e-03	1.99547000000000e-01
4	22	10	12	9.69451000000000e+00	0.00000000000000e+00	3.59201000000000e-03	1.99547000000000e-01
22	40	24	26	1.23317000000000e+01	0.00000000000000e+00	2.02815000000000e-02	1.99548000000000e-01
22	40	26	28	1.09652000000000e+01	0.00000000000000e+00	6.63323000000000e-03	1.99548000000000e-01
22	40	28	30	9.03384000000000e+00	0.00000000000000e+00	3.34724000000000e-03	1.99548000000000e-01
29	47	43	45	1.41411000000000e+01	0.00000000000000e+00	2.32557000000000e-02	1.99533000000000e-01
6	24	20	22	1.22383000000000e+01	0.00000000000000e+00	2.01274000000000e-02	1.99543000000000e-01
23	41	35	37	1.08423000000000e+01	0.00000000000000e+00	6.55877000000000e-03	1.99545000000000e-01
20	29	22	23	1.39343000000000e+01	0.00000000000000e+00	1.68570000000000e-02	1.99528000000000e-01
23	41	37	39	1.20279000000000e+01	0.00000000000000e+00	1.97816000000000e-02	1.99545000000000e-01
41	59	47	49	1.34132000000000e+01	0.00000000000000e+00	4.96980000000000e-03	1.99544000000000e-01
41	59	51	53	9.85218000000000e+00	0.00000000000000e+00	3.65039000000000e-03	1.99544000000000e-01
41	59	53	55	1.02225000000000e+01	0.00000000000000e+00	6.18383000000000e-03	1.99544000000000e-01
41	59	55	57	1.10553000000000e+01	0.00000000000000e+00	1.81819000000000e-02	1.99544000000000e-01
6	24	12	14	9.73056000000000e+00	0.00000000000000e+00	3.60529000000000e-03	1.99543000000000e-01
6	24	16	18	9.07651000000000e+00	0.00000000000000e+00	3.36296000000000e-03	1.99543000000000e-01
7	25	19	21	1.09289000000000e+01	0.00000000000000e+00	6.61112000000000e-03	1.99543000000000e-01
6	24	18	20	1.15856000000000e+01	0.00000000000000e+00	7.00833000000000e-03	1.99543000000000e-01
5	23	17	19	1.22118000000000e+01	0.00000000000000e+00	7.38686000000000e-03	1.99535000000000e-01
15	51	23	27	6.80285000000000e+00	0.00000000000000e+00	2.05787000000000e-03	1.99570000000000e-01
35	53	49	51	1.02605000000000e+01	0.00000000000000e+00	1.68768000000000e-02	1.99568000000000e-01
22	31	25	26	1.20777000000000e+01	0.00000000000000e+00	8.94899000000000e-03	1.99523000000000e-01
28	37	31	32	1.01326000000000e+01	0.00000000000000e+00	7.50806000000000e-03	1.99531000000000e-01
7	25	11	13	1.29669000000000e+01	0.00000000000000e+00	7.84396000000000e-03	1.99543000000000e-01
7	25	13	15	9.42255000000000e+00	0.00000000000000e+00	3.49119000000000e-03	1.99543000000000e-01
7	25	21	23	1.22797000000000e+01	0.00000000000000e+00	2.01955000000000e-02	1.99543000000000e-01
43	61	45	47	1.10373000000000e+01	0.00000000000000e+00	1.81517000000000e-02	1.99539000000000e-01
10	19	11	12	2.04090000000000e+01	0.00000000000000e+00	6.71237000000000e-02	1.99523000000000e-01
43	61	51	53	8.67022000000000e+00	0.00000000000000e+00	2.75345000000000e-03	1.99539000000000e-01
10	19	12	13	1.77901000000000e+01	0.00000000000000e+00	2.15210000000000e-02	1.99523000000000e-01
9	45	29	33	5.13012000000000e+00	0.00000000000000e+00	9.50535000000000e-04	1.99574000000000e-01
43	61	53	55	9.34383000000000e+00	0.00000000000000e+00	3.46193000000000e-03	1.99539000000000e-01
10	19	14	15	1.34322000000000e+01	0.00000000000000e+00	8.53084000000000e-03	1.99523000000000e-01
29	47	39	41	9.61321000000000e+00	0.00000000000000e+00	3.56164000000000e-03	1.99533000000000e-01
43	61	57	59	1.11877000000000e+01	0.00000000000000e+00	1.83992000000000e-02	1.99539000000000e-01
13	22	14	15	1.89604000000000e+01	0.00000000000000e+00	6.23606000000000e-02	1.99527000000000e-01
8	26	10	12	1.89005000000000e+01	0.00000000000000e+00	3.10831000000000e-02	1.99536000000000e-01
11	29	19	21	8.21948000000000e+00	0.00000000000000e+00	2.61025000000000e-03	1.99534000000000e-01
8	26	14	16	9.34357000000000e+00	0.00000000000000e+00	3.46179000000000e-03	1.99536000000000e-01
8	26	18	20	9.64758000000000e+00	0.00000000000000e+00	3.57443000000000e-03	1.99536000000000e-01
8	26	20	22	1.06800000000000e+01	0.00000000000000e+00	6.46029000000000e-03	1.99536000000000e-01
26	35	30	31	1.02005000000000e+01	0.00000000000000e+00	6.47854000000000e-03	1.99528000000000e-01
25	34	32	33	8.67981000000000e+00	0.00000000000000e+00	2.85472000000000e-02	1.99523000000000e-01
25	34	27	28	1.14878000000000e+01	0.00000000000000e+00	1.38970000000000e-02	1.99523000000000e-01
20	29	27	28	9.47113000000000e+00	0.00000000000000e+00	3.11506000000000e-02	1.99528000000000e-01
27	45	29	31	9.83425000000000e+00	0.00000000000000e+00	1.61736000000000e-02	1.99542000000000e-01
27	45	31	33	1.01017000000000e+01	0.00000000000000e+00	6.11068000000000e-03	1.99542000000000e-01
27	45	35	37	9.52503000000000e+00	0.00000000000000e+00	3.02497000000000e-03	1.99542000000000e-01
27	45	37	39	1.07103000000000e+01	0.00000000000000e+00	3.96827000000000e-03	1.99542000000000e-01
21	30	24	25	1.17166000000000e+01	0.00000000000000e+00	8.68147000000000e-03	1.99524000000000e-01
7	43	35	39	1.15715000000000e+01	0.00000000000000e+00	9.51699000000000e-03	1.99576000000000e-01
27	45	41	43	1.14753000000000e+01	0.00000000000000e+00	1.88725000000000e-02	1.99542000000000e-01
33	51	39	41	7.32274000000000e+00	0.00000000000000e+00	2.71297000000000e-03	1.99528000000000e-01
21	30	23	24	1.36313000000000e+01	0.00000000000000e+00	1.64901000000000e-02	1.99524000000000e-01
11	20	12	13	2.04458000000000e+01	0.00000000000000e+00	6.72459000000000e-02	1.99527000000000e-01
10	28	18	20	9.01281000000000e+00	0.00000000000000e+00	2.86226000000000e-03	1.99540000000000e-01
10	28	22	24	1.01748000000000e+01	0.00000000000000e+00	6.15485000000000e-03	1.99540000000000e-01
11	20	13	14	1.74320000000000e+01	0.00000000000000e+00	2.10882000000000e-02	1.99527000000000e-01
10	28	24	26	1.06743000000000e+01	0.00000000000000e+00	1.75549000000000e-02	1.99540000000000e-01
13	31	15	17	1.75239000000000e+01	0.00000000000000e+00	2.88187000000000e-02	1.99532000000000e-01
3	57	15	21	5.57631000000000e+00	0.00000000000000e+00	1.12490000000000e-03	1.99630000000000e-01
30	39	31	32	9.29111000000000e+00	0.00000000000000e+00	3.05578000000000e-02	1.99523000000000e-01
10	19	17	18	1.68252000000000e+01	0.00000000000000e+00	5.53368000000000e-02	1.99523000000000e-01
12	30	14	16	1.74634000000000e+01	0.00000000000000e+00	2.87189000000000e-02	1.99531000000000e-01
12	30	16	18	1.31191000000000e+01	0.00000000000000e+00	7.93549000000000e-03	1.99531000000000e-01
13	31	19	21	9.91659000000000e+00	0.00000000000000e+00	3.67402000000000e-03	1.99532000000000e-01
13	31	21	23	8.27759000000000e+00	0.00000000000000e+00	2.62867000000000e-03	1.99532000000000e-01
13	31	27	29	1.23242000000000e+01	0.00000000000000e+00	2.02675000000000e-02	1.99532000000000e-01
25	61	53	57	1.09967000000000e+01	0.00000000000000e+00	9.04529000000000e-03	1.99600000000000e-01
31	49	33	35	1.28449000000000e+01	0.00000000000000e+00	2.11241000000000e-02	1.99534000000000e-01
31	49	35	37	1.18784000000000e+01	0.00000000000000e+00	7.18514000000000e-03	1.99534000000000e-01
31	49	39	41	7.39781000000000e+00	0.00000000000000e+00	2.34931000000000e-03	1.99534000000000e-01
14	32	18	20	1.41915000000000e+01	0.00000000000000e+00	8.58437000000000e-03	1.99536000000000e-01
14	32	28	30	1.35900000000000e+01	0.00000000000000e+00	2.23496000000000e-02	1.99536000000000e-01
8	17	12	13	1.51101000000000e+01	0.00000000000000e+00	9.59682000000000e-03	1.99530000000000e-01
15	33	19	21	1.26182000000000e+01	0.00000000000000e+00	7.63258000000000e-03	1.99533000000000e-01
15	33	25	27	9.21762000000000e+00	0.00000000000000e+00	3.41508000000000e-03	1.99533000000000e-01
1	19	11	13	1.05022000000000e+01	0.00000000000000e+00	3.89152000000000e-03	1.99558000000000e-01
15	33	27	29	1.20558000000000e+01	0.00000000000000e+00	7.29244000000000e-03	1.99533000000000e-01
16	34	30	32	1.08464000000000e+01	0.00000000000000e+00	1.78373000000000e-02	1.99532000000000e-01
33	51	37	39	9.83048000000000e+00	0.00000000000000e+00	5.94619000000000e-03	1.99528000000000e-01
33	51	45	47	8.55367000000000e+00	0.00000000000000e+00	5.17389000000000e-03	1.99528000000000e-01
11	29	15	17	1.26076000000000e+01	0.00000000000000e+00	7.62628000000000e-03	1.99534000000000e-01
30	39	32	33	1.26994000000000e+01	0.00000000000000e+00	1.53627000000000e-02	1.99523000000000e-01
19	37	29	31	8.46746000000000e+00	0.00000000000000e+00	3.13760000000000e-03	1.99562000000000e-01
33	51	47	49	1.31038000000000e+01	0.00000000000000e+00	2.15492000000000e-02	1.99528000000000e-01
16	34	18	20	1.76175000000000e+01	0.00000000000000e+00	2.89725000000000e-02	1.99532000000000e-01
16	34	22	24	9.09590000000000e+00	0.00000000000000e+00	3.36996000000000e-03	1.99532000000000e-01
16	34	24	26	8.03058000000000e+00	0.00000000000000e+00	2.55023000000000e-03	1.99532000000000e-01
2	20	12	14	9.95603000000000e+00	0.00000000000000e+00	3.68900000000000e-03	1.99552000000000e-01
16	34	28	30	1.21635000000000e+01	0.00000000000000e+00	7.35755000000000e-03	1.99532000000000e-01
33	51	43	45	7.89615000000000e+00	0.00000000000000e+00	2.92540000000000e-03	1.99528000000000e-01
8	17	9	10	2.01290000000000e+01	0.00000000000000e+00	6.62052000000000e-02	1.99530000000000e-01
20	29	25	26	1.06756000000000e+01	0.00000000000000e+00	7.91032000000000e-03	1.99528000000000e-01
8	17	11	12	1.63244000000000e+01	0.00000000000000e+00	1.20960000000000e-02	1.99530000000000e-01
15	51	19	23	1.18785000000000e+01	0.00000000000000e+00	9.76919000000000e-03	1.99570000000000e-01
8	17	13	14	1.51456000000000e+01	0.00000000000000e+00	1.12226000000000e-02	1.99530000000000e-01
19	55	43	47	8.30797000000000e+00	0.00000000000000e+00	2.51367000000000e-03	1.99610000000000e-01
8	17	14	15	1.64414000000000e+01	0.00000000000000e+00	1.98902000000000e-02	1.99530000000000e-01
17	26	19	20	1.59106000000000e+01	0.00000000000000e+00	1.92479000000000e-02	1.99529000000000e-01
17	26	24	25	1.05271000000000e+01	0.00000000000000e+00	3.46237000000000e-02	1.99529000000000e-01
22	31	24	25	1.21788000000000e+01	0.00000000000000e+00	1.47329000000000e-02	1.99523000000000e-01
23	59	51	55	1.06270000000000e+01	0.00000000000000e+00	8.74132000000000e-03	1.99603000000000e-01
17	26	20	21	1.36196000000000e+01	0.00000000000000e+00	1.00918000000000e-02	1.99529000000000e-01
17	26	21	22	1.21897000000000e+01	0.00000000000000e+00	7.74193000000000e-03	1.99529000000000e-01
17	26	22	23	1.20809000000000e+01	0.00000000000000e+00	8.95164000000000e-03	1.99529000000000e-01
18	27	20	21	1.50152000000000e+01	0.00000000000000e+00	1.81646000000000e-02	1.99529000000000e-01
23	59	35	39	6.22146000000000e+00	0.00000000000000e+00	1.15291000000000e-03	1.99603000000000e-01
26	35	27	28	1.02565000000000e+01	0.00000000000000e+00	3.37336000000000e-02	1.99528000000000e-01
26	35	32	33	1.02075000000000e+01	0.00000000000000e+00	1.23484000000000e-02	1.99528000000000e-01
27	36	30	31	9.59274000000000e+00	0.00000000000000e+00	7.10793000000000e-03	1.99528000000000e-01
26	35	28	29	1.15404000000000e+01	0.00000000000000e+00	1.39610000000000e-02	1.99528000000000e-01
26	35	33	34	9.49461000000000e+00	0.00000000000000e+00	3.12278000000000e-02	1.99528000000000e-01
26	35	29	30	1.10028000000000e+01	0.00000000000000e+00	8.15275000000000e-03	1.99528000000000e-01
3	57	33	39	4.93054000000000e+00	0.00000000000000e+00	6.09209000000000e-04	1.99630000000000e-01
26	35	31	32	1.03925000000000e+01	0.00000000000000e+00	7.70052000000000e-03	1.99528000000000e-01
9	18	13	14	1.39279000000000e+01	0.00000000000000e+00	8.84589000000000e-03	1.99528000000000e-01
9	18	14	15	1.50010000000000e+01	0.00000000000000e+00	1.11153000000000e-02	1.99528000000000e-01
9	18	15	16	1.65594000000000e+01	0.00000000000000e+00	2.00328000000000e-02	1.99528000000000e-01
25	61	45	49	8.25810000000000e+00	0.00000000000000e+00	1.53030000000000e-03	1.99600000000000e-01
9	18	16	17	1.80704000000000e+01	0.00000000000000e+00	5.94337000000000e-02	1.99528000000000e-01
23	32	24	25	1.11243000000000e+01	0.00000000000000e+00	3.65869000000000e-02	1.99523000000000e-01
18	27	19	20	1.71746000000000e+01	0.00000000000000e+00	5.64876000000000e-02	1.99529000000000e-01
18	27	24	25	1.08535000000000e+01	0.00000000000000e+00	1.31300000000000e-02	1.99529000000000e-01
18	27	21	22	1.31224000000000e+01	0.00000000000000e+00	9.72332000000000e-03	1.99529000000000e-01
18	27	22	23	1.21530000000000e+01	0.00000000000000e+00	7.71862000000000e-03	1.99529000000000e-01
32	41	34	35	1.16814000000000e+01	0.00000000000000e+00	1.41314000000000e-02	1.99526000000000e-01
27	36	29	30	1.03353000000000e+01	0.00000000000000e+00	1.25031000000000e-02	1.99528000000000e-01
27	36	34	35	1.04870000000000e+01	0.00000000000000e+00	3.44918000000000e-02	1.99528000000000e-01
27	36	31	32	9.99614000000000e+00	0.00000000000000e+00	6.34872000000000e-03	1.99528000000000e-01
27	36	32	33	1.04349000000000e+01	0.00000000000000e+00	7.73197000000000e-03	1.99528000000000e-01
1	10	3	4	1.13969000000000e+01	0.00000000000000e+00	1.37874000000000e-02	1.99528000000000e-01
1	10	4	5	1.22964000000000e+01	0.00000000000000e+00	9.11121000000000e-03	1.99528000000000e-01
16	25	20	21	1.25932000000000e+01	0.00000000000000e+00	7.99794000000000e-03	1.99522000000000e-01
1	10	5	6	1.34846000000000e+01	0.00000000000000e+00	8.56431000000000e-03	1.99528000000000e-01
8	26	12	14	1.26864000000000e+01	0.00000000000000e+00	7.67397000000000e-03	1.99536000000000e-01
1	10	7	8	1.90726000000000e+01	0.00000000000000e+00	2.30730000000000e-02	1.99528000000000e-01
10	19	15	16	1.39686000000000e+01	0.00000000000000e+00	1.03501000000000e-02	1.99523000000000e-01
19	28	20	21	1.62239000000000e+01	0.00000000000000e+00	5.33599000000000e-02	1.99526000000000e-01
19	28	21	22	1.47989000000000e+01	0.00000000000000e+00	1.79028000000000e-02	1.99526000000000e-01
11	20	16	17	1.38069000000000e+01	0.00000000000000e+00	1.02305000000000e-02	1.99527000000000e-01
1	55	31	37	4.97337000000000e+00	0.00000000000000e+00	6.14506000000000e-04	1.99632000000000e-01
19	28	24	25	1.09698000000000e+01	0.00000000000000e+00	8.12821000000000e-03	1.99526000000000e-01
24	33	25	26	1.07027000000000e+01	0.00000000000000e+00	3.52010000000000e-02	1.99526000000000e-01
19	28	25	26	1.08416000000000e+01	0.00000000000000e+00	1.31154000000000e-02	1.99526000000000e-01
24	33	31	32	1.33342000000000e+01	0.00000000000000e+00	4.38559000000000e-02	1.99526000000000e-01
24	33	26	27	1.19833000000000e+01	0.00000000000000e+00	1.44967000000000e-02	1.99526000000000e-01
19	28	26	27	1.02140000000000e+01	0.00000000000000e+00	3.35937000000000e-02	1.99526000000000e-01
28	37	30	31	9.15497000000000e+00	0.00000000000000e+00	1.10754000000000e-02	1.99531000000000e-01
1	37	9	13	8.85878000000000e+00	0.00000000000000e+00	2.68007000000000e-03	1.99591000000000e-01
28	37	33	34	1.03855000000000e+01	0.00000000000000e+00	7.69547000000000e-03	1.99531000000000e-01
28	37	35	36	9.89147000000000e+00	0.00000000000000e+00	3.25336000000000e-02	1.99531000000000e-01
21	57	49	53	1.14384000000000e+01	0.00000000000000e+00	9.40897000000000e-03	1.99608000000000e-01
3	21	15	17	1.14068000000000e+01	0.00000000000000e+00	6.90028000000000e-03	1.99546000000000e-01
2	11	4	5	1.13067000000000e+01	0.00000000000000e+00	1.36781000000000e-02	1.99525000000000e-01
11	29	25	27	1.02646000000000e+01	0.00000000000000e+00	1.68806000000000e-02	1.99534000000000e-01
30	39	37	38	9.04688000000000e+00	0.00000000000000e+00	2.97545000000000e-02	1.99523000000000e-01
2	11	6	7	1.21357000000000e+01	0.00000000000000e+00	7.70746000000000e-03	1.99525000000000e-01
2	11	8	9	1.69303000000000e+01	0.00000000000000e+00	2.04811000000000e-02	1.99525000000000e-01
11	20	15	16	1.34665000000000e+01	0.00000000000000e+00	8.55277000000000e-03	1.99527000000000e-01
20	29	21	22	1.40814000000000e+01	0.00000000000000e+00	4.63139000000000e-02	1.99528000000000e-01
25	34	31	32	1.04665000000000e+01	0.00000000000000e+00	1.26615000000000e-02	1.99523000000000e-01
25	34	26	27	1.09364000000000e+01	0.00000000000000e+00	3.59689000000000e-02	1.99523000000000e-01
20	29	26	27	1.03866000000000e+01	0.00000000000000e+00	1.25652000000000e-02	1.99528000000000e-01
29	38	30	31	8.25439000000000e+00	0.00000000000000e+00	2.71487000000000e-02	1.99528000000000e-01
29	38	34	35	1.08147000000000e+01	0.00000000000000e+00	8.01335000000000e-03	1.99528000000000e-01
29	38	35	36	1.06379000000000e+01	0.00000000000000e+00	1.28692000000000e-02	1.99528000000000e-01
3	12	4	5	1.16848000000000e+01	0.00000000000000e+00	3.84310000000000e-02	1.99526000000000e-01
13	31	23	25	8.74161000000000e+00	0.00000000000000e+00	3.23870000000000e-03	1.99532000000000e-01
3	12	5	6	1.19835000000000e+01	0.00000000000000e+00	1.44969000000000e-02	1.99526000000000e-01
12	21	13	14	1.97517000000000e+01	0.00000000000000e+00	6.49631000000000e-02	1.99528000000000e-01
12	21	14	15	1.74475000000000e+01	0.00000000000000e+00	2.11070000000000e-02	1.99528000000000e-01
12	21	16	17	1.37458000000000e+01	0.00000000000000e+00	8.73017000000000e-03	1.99528000000000e-01
12	21	17	18	1.39843000000000e+01	0.00000000000000e+00	1.03620000000000e-02	1.99528000000000e-01
12	21	19	20	1.37124000000000e+01	0.00000000000000e+00	4.51000000000000e-02	1.99528000000000e-01
2	20	4	6	1.14195000000000e+01	0.00000000000000e+00	1.87816000000000e-02	1.99552000000000e-01
21	30	22	23	1.37057000000000e+01	0.00000000000000e+00	4.50770000000000e-02	1.99524000000000e-01
21	30	25	26	1.11289000000000e+01	0.00000000000000e+00	7.06800000000000e-03	1.99524000000000e-01
11	29	21	23	8.59327000000000e+00	0.00000000000000e+00	3.18378000000000e-03	1.99534000000000e-01
30	39	33	34	1.24851000000000e+01	0.00000000000000e+00	9.25089000000000e-03	1.99523000000000e-01
30	39	34	35	1.15332000000000e+01	0.00000000000000e+00	7.32477000000000e-03	1.99523000000000e-01
11	29	23	25	9.57942000000000e+00	0.00000000000000e+00	5.79453000000000e-03	1.99534000000000e-01
30	39	35	36	1.08476000000000e+01	0.00000000000000e+00	8.03759000000000e-03	1.99523000000000e-01
30	39	36	37	1.10938000000000e+01	0.00000000000000e+00	1.34204000000000e-02	1.99523000000000e-01
4	13	7	8	1.10846000000000e+01	0.00000000000000e+00	8.21317000000000e-03	1.99524000000000e-01
13	22	15	16	1.73935000000000e+01	0.00000000000000e+00	2.10417000000000e-02	1.99527000000000e-01
13	22	16	17	1.53705000000000e+01	0.00000000000000e+00	1.13891000000000e-02	1.99527000000000e-01
13	22	19	20	1.38765000000000e+01	0.00000000000000e+00	1.67870000000000e-02	1.99527000000000e-01
13	22	20	21	1.31294000000000e+01	0.00000000000000e+00	4.31823000000000e-02	1.99527000000000e-01
22	31	27	28	1.18427000000000e+01	0.00000000000000e+00	8.77485000000000e-03	1.99523000000000e-01
45	54	50	51	1.11668000000000e+01	0.00000000000000e+00	8.27456000000000e-03	1.99535000000000e-01
36	45	43	44	9.17293000000000e+00	0.00000000000000e+00	3.01718000000000e-02	1.99542000000000e-01
36	45	38	39	1.09051000000000e+01	0.00000000000000e+00	1.31933000000000e-02	1.99542000000000e-01
44	53	49	50	1.12859000000000e+01	0.00000000000000e+00	8.36293000000000e-03	1.99539000000000e-01
44	53	48	49	1.11305000000000e+01	0.00000000000000e+00	7.06959000000000e-03	1.99539000000000e-01
35	44	40	41	1.20210000000000e+01	0.00000000000000e+00	8.90767000000000e-03	1.99538000000000e-01
52	61	59	60	8.40515000000000e+00	0.00000000000000e+00	2.76466000000000e-02	1.99543000000000e-01
52	61	58	59	1.19795000000000e+01	0.00000000000000e+00	1.44932000000000e-02	1.99543000000000e-01
52	61	56	57	1.15739000000000e+01	0.00000000000000e+00	7.35133000000000e-03	1.99543000000000e-01
34	43	40	41	1.06326000000000e+01	0.00000000000000e+00	1.28638000000000e-02	1.99545000000000e-01
34	43	38	39	1.13882000000000e+01	0.00000000000000e+00	7.23348000000000e-03	1.99545000000000e-01
51	60	58	59	1.05781000000000e+01	0.00000000000000e+00	3.47941000000000e-02	1.99544000000000e-01
51	60	55	56	1.32941000000000e+01	0.00000000000000e+00	8.44397000000000e-03	1.99544000000000e-01
42	51	49	50	9.02590000000000e+00	0.00000000000000e+00	2.96884000000000e-02	1.99543000000000e-01
42	51	48	49	1.06016000000000e+01	0.00000000000000e+00	1.28262000000000e-02	1.99543000000000e-01
42	51	47	48	1.86518000000000e+01	0.00000000000000e+00	1.38215000000000e-02	1.99543000000000e-01
42	51	46	47	1.16061000000000e+01	0.00000000000000e+00	7.37177000000000e-03	1.99543000000000e-01
33	42	40	41	8.28594000000000e+00	0.00000000000000e+00	2.72550000000000e-02	1.99547000000000e-01
33	42	39	40	7.75658000000000e+00	0.00000000000000e+00	9.38438000000000e-03	1.99547000000000e-01
33	42	37	38	1.12101000000000e+01	0.00000000000000e+00	7.12039000000000e-03	1.99547000000000e-01
50	59	55	56	1.28226000000000e+01	0.00000000000000e+00	9.50199000000000e-03	1.99546000000000e-01
50	59	54	55	1.13994000000000e+01	0.00000000000000e+00	7.24062000000000e-03	1.99546000000000e-01
50	59	52	53	1.11396000000000e+01	0.00000000000000e+00	1.34773000000000e-02	1.99546000000000e-01
50	59	51	52	8.74181000000000e+00	0.00000000000000e+00	2.87544000000000e-02	1.99546000000000e-01
41	50	48	49	1.23704000000000e+01	0.00000000000000e+00	4.06907000000000e-02	1.99550000000000e-01
41	50	46	47	1.08711000000000e+01	0.00000000000000e+00	8.05605000000000e-03	1.99550000000000e-01
41	50	45	46	9.37157000000000e+00	0.00000000000000e+00	5.95271000000000e-03	1.99550000000000e-01
49	58	51	52	1.01354000000000e+01	0.00000000000000e+00	1.22630000000000e-02	1.99555000000000e-01
49	58	50	51	1.44239000000000e+01	0.00000000000000e+00	4.74468000000000e-02	1.99555000000000e-01
40	49	45	46	8.73921000000000e+00	0.00000000000000e+00	6.47660000000000e-03	1.99562000000000e-01
40	49	44	45	1.12927000000000e+01	0.00000000000000e+00	7.17344000000000e-03	1.99562000000000e-01
40	49	42	43	8.08022000000000e+00	0.00000000000000e+00	9.77669000000000e-03	1.99562000000000e-01
40	49	41	42	9.23954000000000e+00	0.00000000000000e+00	3.03940000000000e-02	1.99562000000000e-01
48	57	50	51	1.42636000000000e+01	0.00000000000000e+00	1.72585000000000e-02	1.99564000000000e-01
44	53	51	52	7.29504000000000e+00	0.00000000000000e+00	2.39947000000000e-02	1.99539000000000e-01
44	53	46	47	1.09429000000000e+01	0.00000000000000e+00	1.32388000000000e-02	1.99539000000000e-01
39	48	46	47	9.01749000000000e+00	0.00000000000000e+00	2.96638000000000e-02	1.99563000000000e-01
39	48	44	45	1.14349000000000e+01	0.00000000000000e+00	8.47442000000000e-03	1.99563000000000e-01
39	48	42	43	9.31467000000000e+00	0.00000000000000e+00	6.90311000000000e-03	1.99563000000000e-01
35	44	41	42	1.29648000000000e+01	0.00000000000000e+00	1.56849000000000e-02	1.99538000000000e-01
35	44	36	37	1.06778000000000e+01	0.00000000000000e+00	3.51210000000000e-02	1.99538000000000e-01
47	56	50	51	1.06945000000000e+01	0.00000000000000e+00	7.92571000000000e-03	1.99564000000000e-01
38	47	40	41	1.17077000000000e+01	0.00000000000000e+00	1.41663000000000e-02	1.99570000000000e-01
34	43	41	42	9.41346000000000e+00	0.00000000000000e+00	3.09636000000000e-02	1.99545000000000e-01
34	43	36	37	1.12189000000000e+01	0.00000000000000e+00	1.35732000000000e-02	1.99545000000000e-01
46	55	53	54	7.07240000000000e+00	0.00000000000000e+00	2.32665000000000e-02	1.99574000000000e-01
46	55	48	49	9.85437000000000e+00	0.00000000000000e+00	1.19241000000000e-02	1.99574000000000e-01
37	46	42	43	1.09168000000000e+01	0.00000000000000e+00	8.09106000000000e-03	1.99578000000000e-01
42	51	44	45	1.22021000000000e+01	0.00000000000000e+00	1.47626000000000e-02	1.99543000000000e-01
37	46	44	45	1.32868000000000e+01	0.00000000000000e+00	4.37113000000000e-02	1.99578000000000e-01
37	46	39	40	8.93210000000000e+00	0.00000000000000e+00	1.08083000000000e-02	1.99578000000000e-01
33	42	35	36	1.12794000000000e+01	0.00000000000000e+00	1.36465000000000e-02	1.99547000000000e-01
33	42	34	35	9.20483000000000e+00	0.00000000000000e+00	3.02776000000000e-02	1.99547000000000e-01
36	54	48	50	1.23493000000000e+01	0.00000000000000e+00	7.47179000000000e-03	1.99582000000000e-01
36	54	42	44	7.32159000000000e+00	0.00000000000000e+00	2.71327000000000e-03	1.99582000000000e-01
36	54	40	42	9.83838000000000e+00	0.00000000000000e+00	5.95258000000000e-03	1.99582000000000e-01
36	54	38	40	9.75987000000000e+00	0.00000000000000e+00	1.60544000000000e-02	1.99582000000000e-01
52	61	53	54	7.97990000000000e+00	0.00000000000000e+00	2.62478000000000e-02	1.99543000000000e-01
47	56	53	54	8.86827000000000e+00	0.00000000000000e+00	1.07303000000000e-02	1.99564000000000e-01
47	56	48	49	8.36230000000000e+00	0.00000000000000e+00	2.75086000000000e-02	1.99564000000000e-01
47	56	51	52	9.06749000000000e+00	0.00000000000000e+00	5.75996000000000e-03	1.99564000000000e-01
47	56	52	53	1.03658000000000e+01	0.00000000000000e+00	7.68213000000000e-03	1.99564000000000e-01
33	42	38	39	1.10320000000000e+01	0.00000000000000e+00	8.17513000000000e-03	1.99547000000000e-01
34	52	48	50	1.21392000000000e+01	0.00000000000000e+00	1.99688000000000e-02	1.99586000000000e-01
33	42	36	37	1.15163000000000e+01	0.00000000000000e+00	8.53405000000000e-03	1.99547000000000e-01
34	52	46	48	1.53079000000000e+01	0.00000000000000e+00	9.26204000000000e-03	1.99586000000000e-01
34	52	44	46	8.10710000000000e+00	0.00000000000000e+00	3.00443000000000e-03	1.99586000000000e-01
34	52	40	42	8.75523000000000e+00	0.00000000000000e+00	3.24463000000000e-03	1.99586000000000e-01
32	50	44	46	8.33391000000000e+00	0.00000000000000e+00	5.04249000000000e-03	1.99589000000000e-01
32	50	42	44	7.14992000000000e+00	0.00000000000000e+00	2.64974000000000e-03	1.99589000000000e-01
32	50	38	40	7.84733000000000e+00	0.00000000000000e+00	2.90820000000000e-03	1.99589000000000e-01
32	50	36	38	1.09007000000000e+01	0.00000000000000e+00	6.59556000000000e-03	1.99589000000000e-01
48	57	53	54	1.05325000000000e+01	0.00000000000000e+00	7.80566000000000e-03	1.99564000000000e-01
48	57	51	52	1.09440000000000e+01	0.00000000000000e+00	8.11062000000000e-03	1.99564000000000e-01
43	52	49	50	1.07817000000000e+01	0.00000000000000e+00	1.30438000000000e-02	1.99538000000000e-01
38	47	42	43	1.05926000000000e+01	0.00000000000000e+00	6.72895000000000e-03	1.99570000000000e-01
30	48	42	44	8.19702000000000e+00	0.00000000000000e+00	4.95983000000000e-03	1.99595000000000e-01
30	48	36	38	1.01264000000000e+01	0.00000000000000e+00	3.75293000000000e-03	1.99595000000000e-01
30	48	34	36	1.24478000000000e+01	0.00000000000000e+00	7.53190000000000e-03	1.99595000000000e-01
34	52	36	38	1.08543000000000e+01	0.00000000000000e+00	1.78551000000000e-02	1.99586000000000e-01
41	50	44	45	1.17823000000000e+01	0.00000000000000e+00	8.73128000000000e-03	1.99550000000000e-01
28	46	42	44	1.18062000000000e+01	0.00000000000000e+00	1.94223000000000e-02	1.99601000000000e-01
28	46	40	42	1.32540000000000e+01	0.00000000000000e+00	8.01994000000000e-03	1.99601000000000e-01
28	46	38	40	9.45554000000000e+00	0.00000000000000e+00	3.50442000000000e-03	1.99601000000000e-01
28	46	34	36	1.00969000000000e+01	0.00000000000000e+00	3.74212000000000e-03	1.99601000000000e-01
28	46	32	34	1.14973000000000e+01	0.00000000000000e+00	6.95694000000000e-03	1.99601000000000e-01
26	44	40	42	1.40348000000000e+01	0.00000000000000e+00	2.30891000000000e-02	1.99605000000000e-01
26	44	38	40	1.06086000000000e+01	0.00000000000000e+00	6.41937000000000e-03	1.99605000000000e-01
26	44	36	38	1.08194000000000e+01	0.00000000000000e+00	4.00996000000000e-03	1.99605000000000e-01
26	44	30	32	8.99875000000000e+00	0.00000000000000e+00	5.44521000000000e-03	1.99605000000000e-01
26	44	28	30	1.10574000000000e+01	0.00000000000000e+00	1.81909000000000e-02	1.99605000000000e-01
35	44	39	40	8.90932000000000e+00	0.00000000000000e+00	5.65876000000000e-03	1.99538000000000e-01
35	44	42	43	8.44005000000000e+00	0.00000000000000e+00	2.77608000000000e-02	1.99538000000000e-01
35	44	37	38	1.10358000000000e+01	0.00000000000000e+00	1.33512000000000e-02	1.99538000000000e-01
45	54	49	50	1.16478000000000e+01	0.00000000000000e+00	7.39798000000000e-03	1.99535000000000e-01
42	60	54	56	1.14154000000000e+01	0.00000000000000e+00	6.90776000000000e-03	1.99611000000000e-01
42	60	52	54	1.00889000000000e+01	0.00000000000000e+00	3.73934000000000e-03	1.99611000000000e-01
52	61	57	58	1.09276000000000e+01	0.00000000000000e+00	8.09760000000000e-03	1.99543000000000e-01
42	60	46	48	1.50694000000000e+01	0.00000000000000e+00	9.11892000000000e-03	1.99611000000000e-01
24	42	38	40	8.45336000000000e+00	0.00000000000000e+00	1.39079000000000e-02	1.99620000000000e-01
24	42	36	38	1.11059000000000e+01	0.00000000000000e+00	6.72074000000000e-03	1.99620000000000e-01
49	58	56	57	9.40721000000000e+00	0.00000000000000e+00	3.09445000000000e-02	1.99555000000000e-01
24	42	34	36	8.87003000000000e+00	0.00000000000000e+00	3.28772000000000e-03	1.99620000000000e-01
40	58	52	54	1.08955000000000e+01	0.00000000000000e+00	6.59370000000000e-03	1.99628000000000e-01
39	48	43	44	9.34614000000000e+00	0.00000000000000e+00	5.93694000000000e-03	1.99563000000000e-01
40	58	48	50	9.99436000000000e+00	0.00000000000000e+00	3.17539000000000e-03	1.99628000000000e-01
40	58	46	48	1.31643000000000e+01	0.00000000000000e+00	4.87962000000000e-03	1.99628000000000e-01
40	58	44	46	1.08804000000000e+01	0.00000000000000e+00	6.58456000000000e-03	1.99628000000000e-01
37	46	40	41	1.17841000000000e+01	0.00000000000000e+00	8.73388000000000e-03	1.99578000000000e-01
38	47	43	44	1.10748000000000e+01	0.00000000000000e+00	8.20777000000000e-03	1.99570000000000e-01
38	47	41	42	1.29326000000000e+01	0.00000000000000e+00	9.58468000000000e-03	1.99570000000000e-01
51	60	54	55	1.12241000000000e+01	0.00000000000000e+00	8.31736000000000e-03	1.99544000000000e-01
51	60	52	53	8.40643000000000e+00	0.00000000000000e+00	2.76509000000000e-02	1.99544000000000e-01
30	48	32	34	1.33462000000000e+01	0.00000000000000e+00	2.19551000000000e-02	1.99595000000000e-01
24	60	40	44	5.34024000000000e+00	0.00000000000000e+00	8.48364000000000e-04	1.99633000000000e-01
34	43	39	40	8.64280000000000e+00	0.00000000000000e+00	6.40461000000000e-03	1.99545000000000e-01
42	60	50	52	9.22598000000000e+00	0.00000000000000e+00	2.93101000000000e-03	1.99611000000000e-01
51	60	57	58	1.07153000000000e+01	0.00000000000000e+00	1.29638000000000e-02	1.99544000000000e-01
42	51	45	46	1.06585000000000e+01	0.00000000000000e+00	7.89824000000000e-03	1.99543000000000e-01
32	50	34	36	1.19608000000000e+01	0.00000000000000e+00	1.96755000000000e-02	1.99589000000000e-01
49	58	52	53	1.22420000000000e+01	0.00000000000000e+00	9.07220000000000e-03	1.99555000000000e-01
49	58	55	56	1.21734000000000e+01	0.00000000000000e+00	1.47287000000000e-02	1.99555000000000e-01
30	48	38	40	7.61646000000000e+00	0.00000000000000e+00	2.41949000000000e-03	1.99595000000000e-01
40	58	42	44	8.39035000000000e+00	0.00000000000000e+00	1.38049000000000e-02	1.99628000000000e-01
28	46	30	32	9.52913000000000e+00	0.00000000000000e+00	1.56764000000000e-02	1.99601000000000e-01
36	54	50	52	1.04097000000000e+01	0.00000000000000e+00	1.71234000000000e-02	1.99582000000000e-01
44	53	45	46	8.74138000000000e+00	0.00000000000000e+00	2.87519000000000e-02	1.99539000000000e-01
39	48	45	46	8.56717000000000e+00	0.00000000000000e+00	1.03659000000000e-02	1.99563000000000e-01
46	55	52	53	9.67862000000000e+00	0.00000000000000e+00	1.17114000000000e-02	1.99574000000000e-01
46	55	47	48	1.72546000000000e+01	0.00000000000000e+00	5.67637000000000e-02	1.99574000000000e-01
38	56	42	44	9.03841000000000e+00	0.00000000000000e+00	5.46992000000000e-03	1.99631000000000e-01
46	55	49	50	1.07316000000000e+01	0.00000000000000e+00	7.95363000000000e-03	1.99574000000000e-01
39	48	40	41	1.00576000000000e+01	0.00000000000000e+00	3.30853000000000e-02	1.99563000000000e-01
40	58	50	52	1.01668000000000e+01	0.00000000000000e+00	3.76855000000000e-03	1.99628000000000e-01
50	59	57	58	8.09017000000000e+00	0.00000000000000e+00	2.66109000000000e-02	1.99546000000000e-01
22	58	38	42	5.65505000000000e+00	0.00000000000000e+00	8.98401000000000e-04	1.99638000000000e-01
32	50	46	48	1.64502000000000e+01	0.00000000000000e+00	2.70605000000000e-02	1.99589000000000e-01
28	46	36	38	9.89276000000000e+00	0.00000000000000e+00	3.14268000000000e-03	1.99601000000000e-01
35	44	38	39	1.12787000000000e+01	0.00000000000000e+00	8.35759000000000e-03	1.99538000000000e-01
22	58	42	46	6.16789000000000e+00	0.00000000000000e+00	1.14319000000000e-03	1.99638000000000e-01
34	52	38	40	8.48056000000000e+00	0.00000000000000e+00	5.13116000000000e-03	1.99586000000000e-01
43	52	46	47	1.20143000000000e+01	0.00000000000000e+00	8.90273000000000e-03	1.99538000000000e-01
51	60	56	57	1.20452000000000e+01	0.00000000000000e+00	8.92585000000000e-03	1.99544000000000e-01
40	49	43	44	8.94793000000000e+00	0.00000000000000e+00	6.63128000000000e-03	1.99562000000000e-01
42	60	56	58	1.08989000000000e+01	0.00000000000000e+00	1.79307000000000e-02	1.99611000000000e-01
41	50	47	48	1.86214000000000e+01	0.00000000000000e+00	2.25297000000000e-02	1.99550000000000e-01
30	48	44	46	9.96325000000000e+00	0.00000000000000e+00	1.63901000000000e-02	1.99595000000000e-01
32	50	40	42	8.58203000000000e+00	0.00000000000000e+00	2.72613000000000e-03	1.99589000000000e-01
46	55	51	52	9.35867000000000e+00	0.00000000000000e+00	6.93611000000000e-03	1.99574000000000e-01
52	61	55	56	1.21592000000000e+01	0.00000000000000e+00	9.01029000000000e-03	1.99543000000000e-01
42	60	44	46	1.22359000000000e+01	0.00000000000000e+00	2.01303000000000e-02	1.99611000000000e-01
44	53	47	48	1.85509000000000e+01	0.00000000000000e+00	1.37464000000000e-02	1.99539000000000e-01
43	52	47	48	1.94734000000000e+01	0.00000000000000e+00	1.23685000000000e-02	1.99538000000000e-01
34	52	42	44	6.88439000000000e+00	0.00000000000000e+00	2.18683000000000e-03	1.99586000000000e-01
24	60	28	32	9.94255000000000e+00	0.00000000000000e+00	8.17955000000000e-03	1.99633000000000e-01
36	45	42	43	1.00037000000000e+01	0.00000000000000e+00	1.21027000000000e-02	1.99542000000000e-01
36	45	37	38	1.00488000000000e+01	0.00000000000000e+00	3.30529000000000e-02	1.99542000000000e-01
43	52	45	46	1.00972000000000e+01	0.00000000000000e+00	1.22157000000000e-02	1.99538000000000e-01
38	47	45	46	1.29566000000000e+01	0.00000000000000e+00	4.26231000000000e-02	1.99570000000000e-01
45	54	48	49	1.11460000000000e+01	0.00000000000000e+00	8.25916000000000e-03	1.99535000000000e-01
48	57	55	56	9.27031000000000e+00	0.00000000000000e+00	3.04955000000000e-02	1.99564000000000e-01
44	53	50	51	9.74382000000000e+00	0.00000000000000e+00	1.17882000000000e-02	1.99539000000000e-01
26	44	34	36	9.17648000000000e+00	0.00000000000000e+00	2.91520000000000e-03	1.99605000000000e-01
36	54	44	46	8.71734000000000e+00	0.00000000000000e+00	2.76901000000000e-03	1.99582000000000e-01
36	54	46	48	1.41984000000000e+01	0.00000000000000e+00	5.26171000000000e-03	1.99582000000000e-01
48	57	54	55	9.49392000000000e+00	0.00000000000000e+00	1.14873000000000e-02	1.99564000000000e-01
48	57	49	50	1.38143000000000e+01	0.00000000000000e+00	4.54434000000000e-02	1.99564000000000e-01
34	43	35	36	9.85515000000000e+00	0.00000000000000e+00	3.24164000000000e-02	1.99545000000000e-01
43	52	44	45	9.23710000000000e+00	0.00000000000000e+00	3.03824000000000e-02	1.99538000000000e-01
38	47	44	45	1.53739000000000e+01	0.00000000000000e+00	1.86024000000000e-02	1.99570000000000e-01
38	47	39	40	7.92553000000000e+00	0.00000000000000e+00	2.60725000000000e-02	1.99570000000000e-01
43	52	50	51	7.93734000000000e+00	0.00000000000000e+00	2.61073000000000e-02	1.99538000000000e-01
48	57	52	53	1.21070000000000e+01	0.00000000000000e+00	7.69075000000000e-03	1.99564000000000e-01
45	54	51	52	8.30513000000000e+00	0.00000000000000e+00	1.00475000000000e-02	1.99535000000000e-01
45	54	46	47	1.17102000000000e+01	0.00000000000000e+00	3.85161000000000e-02	1.99535000000000e-01
40	49	46	47	1.03274000000000e+01	0.00000000000000e+00	1.24956000000000e-02	1.99562000000000e-01
36	45	39	40	8.71097000000000e+00	0.00000000000000e+00	6.45501000000000e-03	1.99542000000000e-01
52	61	54	55	9.15092000000000e+00	0.00000000000000e+00	1.10711000000000e-02	1.99543000000000e-01
47	56	54	55	7.37987000000000e+00	0.00000000000000e+00	2.42768000000000e-02	1.99564000000000e-01
47	56	49	50	1.01823000000000e+01	0.00000000000000e+00	1.23202000000000e-02	1.99564000000000e-01
37	46	41	42	1.30584000000000e+01	0.00000000000000e+00	8.29572000000000e-03	1.99578000000000e-01
38	56	46	48	1.31611000000000e+01	0.00000000000000e+00	4.18157000000000e-03	1.99631000000000e-01
24	42	30	32	8.16505000000000e+00	0.00000000000000e+00	3.02642000000000e-03	1.99620000000000e-01
30	48	40	42	9.46253000000000e+00	0.00000000000000e+00	3.50690000000000e-03	1.99595000000000e-01
43	52	48	49	1.15876000000000e+01	0.00000000000000e+00	8.58649000000000e-03	1.99538000000000e-01
22	58	50	54	1.12810000000000e+01	0.00000000000000e+00	9.28096000000000e-03	1.99638000000000e-01
39	48	41	42	1.20840000000000e+01	0.00000000000000e+00	1.46211000000000e-02	1.99563000000000e-01
40	58	54	56	1.07574000000000e+01	0.00000000000000e+00	1.76994000000000e-02	1.99628000000000e-01
46	55	50	51	1.10117000000000e+01	0.00000000000000e+00	6.99532000000000e-03	1.99574000000000e-01
38	56	44	46	9.98776000000000e+00	0.00000000000000e+00	3.70223000000000e-03	1.99631000000000e-01
41	50	43	44	8.83797000000000e+00	0.00000000000000e+00	1.06929000000000e-02	1.99550000000000e-01
42	60	48	50	9.70413000000000e+00	0.00000000000000e+00	3.59674000000000e-03	1.99611000000000e-01
45	54	52	53	6.86443000000000e+00	0.00000000000000e+00	2.25780000000000e-02	1.99535000000000e-01
45	54	47	48	1.95370000000000e+01	0.00000000000000e+00	2.36357000000000e-02	1.99535000000000e-01
40	49	47	48	1.73909000000000e+01	0.00000000000000e+00	5.72083000000000e-02	1.99562000000000e-01
50	59	56	57	1.07973000000000e+01	0.00000000000000e+00	1.30631000000000e-02	1.99546000000000e-01
26	44	32	34	9.44544000000000e+00	0.00000000000000e+00	3.50075000000000e-03	1.99605000000000e-01
22	58	26	30	1.06635000000000e+01	0.00000000000000e+00	8.77287000000000e-03	1.99638000000000e-01
22	58	30	34	7.08692000000000e+00	0.00000000000000e+00	2.14453000000000e-03	1.99638000000000e-01
22	58	34	38	6.20085000000000e+00	0.00000000000000e+00	1.14930000000000e-03	1.99638000000000e-01
22	58	46	50	1.17629000000000e+01	0.00000000000000e+00	3.55949000000000e-03	1.99638000000000e-01
51	60	53	54	9.69151000000000e+00	0.00000000000000e+00	1.17252000000000e-02	1.99544000000000e-01
24	60	32	36	8.03368000000000e+00	0.00000000000000e+00	2.43095000000000e-03	1.99633000000000e-01
24	60	36	40	5.79991000000000e+00	0.00000000000000e+00	1.07495000000000e-03	1.99633000000000e-01
24	60	44	48	8.49665000000000e+00	0.00000000000000e+00	1.57477000000000e-03	1.99633000000000e-01
24	60	48	52	9.78872000000000e+00	0.00000000000000e+00	2.96202000000000e-03	1.99633000000000e-01
24	60	52	56	1.15247000000000e+01	0.00000000000000e+00	9.48113000000000e-03	1.99633000000000e-01
50	59	53	54	1.10335000000000e+01	0.00000000000000e+00	8.17625000000000e-03	1.99546000000000e-01
34	43	37	38	1.09401000000000e+01	0.00000000000000e+00	8.10702000000000e-03	1.99545000000000e-01
36	45	40	41	1.14990000000000e+01	0.00000000000000e+00	7.30372000000000e-03	1.99542000000000e-01
49	58	54	55	1.11320000000000e+01	0.00000000000000e+00	8.24956000000000e-03	1.99555000000000e-01
24	42	32	34	8.18374000000000e+00	0.00000000000000e+00	2.60001000000000e-03	1.99620000000000e-01
24	42	26	28	1.18751000000000e+01	0.00000000000000e+00	1.95375000000000e-02	1.99620000000000e-01
24	42	28	30	1.03329000000000e+01	0.00000000000000e+00	6.25299000000000e-03	1.99620000000000e-01
41	50	42	43	7.37374000000000e+00	0.00000000000000e+00	2.42550000000000e-02	1.99550000000000e-01
36	45	41	42	1.30690000000000e+01	0.00000000000000e+00	9.68443000000000e-03	1.99542000000000e-01
49	58	53	54	1.12684000000000e+01	0.00000000000000e+00	7.15770000000000e-03	1.99555000000000e-01
38	56	40	42	1.17048000000000e+01	0.00000000000000e+00	1.92585000000000e-02	1.99631000000000e-01
42	51	43	44	7.88779000000000e+00	0.00000000000000e+00	2.59449000000000e-02	1.99543000000000e-01
37	46	43	44	1.03306000000000e+01	0.00000000000000e+00	1.25006000000000e-02	1.99578000000000e-01
37	46	38	39	1.46357000000000e+01	0.00000000000000e+00	4.81490000000000e-02	1.99578000000000e-01
38	56	48	50	1.12211000000000e+01	0.00000000000000e+00	4.15941000000000e-03	1.99631000000000e-01
38	56	50	52	1.07228000000000e+01	0.00000000000000e+00	6.48932000000000e-03	1.99631000000000e-01
38	56	52	54	9.51741000000000e+00	0.00000000000000e+00	1.56595000000000e-02	1.99631000000000e-01
0
