70
# x y z
5	0	0
10	0	0
15	0	0
20	0	0
25	0	0
30	0	0
35	0	0
40	0	0
45	0	0
50	0	0
55	0	0
60	0	0
65	0	0
70	0	0
75	0	0
80	0	0
85	0	0
90	0	0
95	0	0
100	0	0
105	0	0
110	0	0
115	0	0
120	0	0
125	0	0
130	0	0
135	0	0
140	0	0
145	0	0
150	0	0
155	0	0
160	0	0
165	0	0
170	0	0
175	0	0
180	0	0
185	0	0
190	0	0
195	0	0
200	0	0
205	0	0
210	0	0
215	0	0
220	0	0
225	0	0
230	0	0
235	0	0
240	0	0
245	0	0
250	0	0
255	0	0
260	0	0
265	0	0
270	0	0
275	0	0
280	0	0
285	0	0
290	0	0
295	0	0
300	0	0
305	0	0
310	0	0
315	0	0
320	0	0
325	0	0
330	0	0
335	0	0
340	0	0
345	0	0
350	0	0
6035
# a b m n
1	4	2	3
1	5	2	3
1	5	3	4
1	6	2	3
1	6	3	4
1	6	4	5
1	7	2	3
1	7	3	4
1	7	4	5
1	7	5	6
1	8	2	3
1	8	3	4
1	8	4	5
1	8	5	6
1	8	6	7
1	9	2	3
1	9	3	4
1	9	4	5
1	9	5	6
1	9	6	7
1	9	7	8
1	10	2	3
1	10	3	4
1	10	4	5
1	10	5	6
1	10	6	7
1	10	7	8
1	10	8	9
1	11	2	3
1	11	3	4
1	11	4	5
1	11	5	6
1	11	6	7
1	11	7	8
1	11	8	9
1	11	9	10
1	12	2	3
1	12	3	4
1	12	4	5
1	12	5	6
1	12	6	7
1	12	7	8
1	12	8	9
1	12	9	10
1	12	10	11
1	13	2	3
1	13	3	4
1	13	4	5
1	13	5	6
1	13	6	7
1	13	7	8
1	13	8	9
1	13	9	10
1	13	10	11
1	13	11	12
1	14	2	3
1	14	3	4
1	14	4	5
1	14	5	6
1	14	6	7
1	14	7	8
1	14	8	9
1	14	9	10
1	14	10	11
1	14	11	12
1	14	12	13
1	15	2	3
1	15	3	4
1	15	4	5
1	15	5	6
1	15	6	7
1	15	7	8
1	15	8	9
1	15	9	10
1	15	10	11
1	15	11	12
1	15	12	13
1	15	13	14
1	16	2	3
1	16	3	4
1	16	4	5
1	16	5	6
1	16	6	7
1	16	7	8
1	16	8	9
1	16	9	10
1	16	10	11
1	16	11	12
1	16	12	13
1	16	13	14
1	16	14	15
1	17	2	3
1	17	3	4
1	17	4	5
1	17	5	6
1	17	6	7
1	17	7	8
1	17	8	9
1	17	9	10
1	17	10	11
1	17	11	12
1	17	12	13
1	17	13	14
1	17	14	15
1	17	15	16
1	18	2	3
1	18	3	4
1	18	4	5
1	18	5	6
1	18	6	7
1	18	7	8
1	18	8	9
1	18	9	10
1	18	10	11
1	18	11	12
1	18	12	13
1	18	13	14
1	18	14	15
1	18	15	16
1	18	16	17
1	19	2	3
1	19	3	4
1	19	4	5
1	19	5	6
1	19	6	7
1	19	7	8
1	19	8	9
1	19	9	10
1	19	10	11
1	19	11	12
1	19	12	13
1	19	13	14
1	19	14	15
1	19	15	16
1	19	16	17
1	19	17	18
1	20	2	3
1	20	3	4
1	20	4	5
1	20	5	6
1	20	6	7
1	20	7	8
1	20	8	9
1	20	9	10
1	20	10	11
1	20	11	12
1	20	12	13
1	20	13	14
1	20	14	15
1	20	15	16
1	20	16	17
1	20	17	18
1	20	18	19
1	21	2	3
1	21	3	4
1	21	4	5
1	21	5	6
1	21	6	7
1	21	7	8
1	21	8	9
1	21	9	10
1	21	10	11
1	21	11	12
1	21	12	13
1	21	13	14
1	21	14	15
1	21	15	16
1	21	16	17
1	21	17	18
1	21	18	19
1	21	19	20
1	22	2	3
1	22	3	4
1	22	4	5
1	22	5	6
1	22	6	7
1	22	7	8
1	22	8	9
1	22	9	10
1	22	10	11
1	22	11	12
1	22	12	13
1	22	13	14
1	22	14	15
1	22	15	16
1	22	16	17
1	22	17	18
1	22	18	19
1	22	19	20
1	22	20	21
1	23	2	3
1	23	3	4
1	23	4	5
1	23	5	6
1	23	6	7
1	23	7	8
1	23	8	9
1	23	9	10
1	23	10	11
1	23	11	12
1	23	12	13
1	23	13	14
1	23	14	15
1	23	15	16
1	23	16	17
1	23	17	18
1	23	18	19
1	23	19	20
1	23	20	21
1	23	21	22
1	24	2	3
1	24	3	4
1	24	4	5
1	24	5	6
1	24	6	7
1	24	7	8
1	24	8	9
1	24	9	10
1	24	10	11
1	24	11	12
1	24	12	13
1	24	13	14
1	24	14	15
1	24	15	16
1	24	16	17
1	24	17	18
1	24	18	19
1	24	19	20
1	24	20	21
1	24	21	22
1	24	22	23
1	25	2	3
1	25	3	4
1	25	4	5
1	25	5	6
1	25	6	7
1	25	7	8
1	25	8	9
1	25	9	10
1	25	10	11
1	25	11	12
1	25	12	13
1	25	13	14
1	25	14	15
1	25	15	16
1	25	16	17
1	25	17	18
1	25	18	19
1	25	19	20
1	25	20	21
1	25	21	22
1	25	22	23
1	25	23	24
1	26	2	3
1	26	3	4
1	26	4	5
1	26	5	6
1	26	6	7
1	26	7	8
1	26	8	9
1	26	9	10
1	26	10	11
1	26	11	12
1	26	12	13
1	26	13	14
1	26	14	15
1	26	15	16
1	26	16	17
1	26	17	18
1	26	18	19
1	26	19	20
1	26	20	21
1	26	21	22
1	26	22	23
1	26	23	24
1	26	24	25
1	27	2	3
1	27	3	4
1	27	4	5
1	27	5	6
1	27	6	7
1	27	7	8
1	27	8	9
1	27	9	10
1	27	10	11
1	27	11	12
1	27	12	13
1	27	13	14
1	27	14	15
1	27	15	16
1	27	16	17
1	27	17	18
1	27	18	19
1	27	19	20
1	27	20	21
1	27	21	22
1	27	22	23
1	27	23	24
1	27	24	25
1	27	25	26
1	28	2	3
1	28	3	4
1	28	4	5
1	28	5	6
1	28	6	7
1	28	7	8
1	28	8	9
1	28	9	10
1	28	10	11
1	28	11	12
1	28	12	13
1	28	13	14
1	28	14	15
1	28	15	16
1	28	16	17
1	28	17	18
1	28	18	19
1	28	19	20
1	28	20	21
1	28	21	22
1	28	22	23
1	28	23	24
1	28	24	25
1	28	25	26
1	28	26	27
1	29	2	3
1	29	3	4
1	29	4	5
1	29	5	6
1	29	6	7
1	29	7	8
1	29	8	9
1	29	9	10
1	29	10	11
1	29	11	12
1	29	12	13
1	29	13	14
1	29	14	15
1	29	15	16
1	29	16	17
1	29	17	18
1	29	18	19
1	29	19	20
1	29	20	21
1	29	21	22
1	29	22	23
1	29	23	24
1	29	24	25
1	29	25	26
1	29	26	27
1	29	27	28
1	30	2	3
1	30	3	4
1	30	4	5
1	30	5	6
1	30	6	7
1	30	7	8
1	30	8	9
1	30	9	10
1	30	10	11
1	30	11	12
1	30	12	13
1	30	13	14
1	30	14	15
1	30	15	16
1	30	16	17
1	30	17	18
1	30	18	19
1	30	19	20
1	30	20	21
1	30	21	22
1	30	22	23
1	30	23	24
1	30	24	25
1	30	25	26
1	30	26	27
1	30	27	28
1	30	28	29
1	31	2	3
1	31	3	4
1	31	4	5
1	31	5	6
1	31	6	7
1	31	7	8
1	31	8	9
1	31	9	10
1	31	10	11
1	31	11	12
1	31	12	13
1	31	13	14
1	31	14	15
1	31	15	16
1	31	16	17
1	31	17	18
1	31	18	19
1	31	19	20
1	31	20	21
1	31	21	22
1	31	22	23
1	31	23	24
1	31	24	25
1	31	25	26
1	31	26	27
1	31	27	28
1	31	28	29
1	31	29	30
1	32	2	3
1	32	3	4
1	32	4	5
1	32	5	6
1	32	6	7
1	32	7	8
1	32	8	9
1	32	9	10
1	32	10	11
1	32	11	12
1	32	12	13
1	32	13	14
1	32	14	15
1	32	15	16
1	32	16	17
1	32	17	18
1	32	18	19
1	32	19	20
1	32	20	21
1	32	21	22
1	32	22	23
1	32	23	24
1	32	24	25
1	32	25	26
1	32	26	27
1	32	27	28
1	32	28	29
1	32	29	30
1	32	30	31
1	33	2	3
1	33	3	4
1	33	4	5
1	33	5	6
1	33	6	7
1	33	7	8
1	33	8	9
1	33	9	10
1	33	10	11
1	33	11	12
1	33	12	13
1	33	13	14
1	33	14	15
1	33	15	16
1	33	16	17
1	33	17	18
1	33	18	19
1	33	19	20
1	33	20	21
1	33	21	22
1	33	22	23
1	33	23	24
1	33	24	25
1	33	25	26
1	33	26	27
1	33	27	28
1	33	28	29
1	33	29	30
1	33	30	31
1	33	31	32
1	34	2	3
1	34	3	4
1	34	4	5
1	34	5	6
1	34	6	7
1	34	7	8
1	34	8	9
1	34	9	10
1	34	10	11
1	34	11	12
1	34	12	13
1	34	13	14
1	34	14	15
1	34	15	16
1	34	16	17
1	34	17	18
1	34	18	19
1	34	19	20
1	34	20	21
1	34	21	22
1	34	22	23
1	34	23	24
1	34	24	25
1	34	25	26
1	34	26	27
1	34	27	28
1	34	28	29
1	34	29	30
1	34	30	31
1	34	31	32
1	34	32	33
1	35	2	3
1	35	3	4
1	35	4	5
1	35	5	6
1	35	6	7
1	35	7	8
1	35	8	9
1	35	9	10
1	35	10	11
1	35	11	12
1	35	12	13
1	35	13	14
1	35	14	15
1	35	15	16
1	35	16	17
1	35	17	18
1	35	18	19
1	35	19	20
1	35	20	21
1	35	21	22
1	35	22	23
1	35	23	24
1	35	24	25
1	35	25	26
1	35	26	27
1	35	27	28
1	35	28	29
1	35	29	30
1	35	30	31
1	35	31	32
1	35	32	33
1	35	33	34
1	36	2	3
1	36	3	4
1	36	4	5
1	36	5	6
1	36	6	7
1	36	7	8
1	36	8	9
1	36	9	10
1	36	10	11
1	36	11	12
1	36	12	13
1	36	13	14
1	36	14	15
1	36	15	16
1	36	16	17
1	36	17	18
1	36	18	19
1	36	19	20
1	36	20	21
1	36	21	22
1	36	22	23
1	36	23	24
1	36	24	25
1	36	25	26
1	36	26	27
1	36	27	28
1	36	28	29
1	36	29	30
1	36	30	31
1	36	31	32
1	36	32	33
1	36	33	34
1	36	34	35
1	37	2	3
1	37	3	4
1	37	4	5
1	37	5	6
1	37	6	7
1	37	7	8
1	37	8	9
1	37	9	10
1	37	10	11
1	37	11	12
1	37	12	13
1	37	13	14
1	37	14	15
1	37	15	16
1	37	16	17
1	37	17	18
1	37	18	19
1	37	19	20
1	37	20	21
1	37	21	22
1	37	22	23
1	37	23	24
1	37	24	25
1	37	25	26
1	37	26	27
1	37	27	28
1	37	28	29
1	37	29	30
1	37	30	31
1	37	31	32
1	37	32	33
1	37	33	34
1	37	34	35
1	37	35	36
1	38	2	3
1	38	3	4
1	38	4	5
1	38	5	6
1	38	6	7
1	38	7	8
1	38	8	9
1	38	9	10
1	38	10	11
1	38	11	12
1	38	12	13
1	38	13	14
1	38	14	15
1	38	15	16
1	38	16	17
1	38	17	18
1	38	18	19
1	38	19	20
1	38	20	21
1	38	21	22
1	38	22	23
1	38	23	24
1	38	24	25
1	38	25	26
1	38	26	27
1	38	27	28
1	38	28	29
1	38	29	30
1	38	30	31
1	38	31	32
1	38	32	33
1	38	33	34
1	38	34	35
1	38	35	36
1	38	36	37
1	39	2	3
1	39	3	4
1	39	4	5
1	39	5	6
1	39	6	7
1	39	7	8
1	39	8	9
1	39	9	10
1	39	10	11
1	39	11	12
1	39	12	13
1	39	13	14
1	39	14	15
1	39	15	16
1	39	16	17
1	39	17	18
1	39	18	19
1	39	19	20
1	39	20	21
1	39	21	22
1	39	22	23
1	39	23	24
1	39	24	25
1	39	25	26
1	39	26	27
1	39	27	28
1	39	28	29
1	39	29	30
1	39	30	31
1	39	31	32
1	39	32	33
1	39	33	34
1	39	34	35
1	39	35	36
1	39	36	37
1	39	37	38
1	40	2	3
1	40	3	4
1	40	4	5
1	40	5	6
1	40	6	7
1	40	7	8
1	40	8	9
1	40	9	10
1	40	10	11
1	40	11	12
1	40	12	13
1	40	13	14
1	40	14	15
1	40	15	16
1	40	16	17
1	40	17	18
1	40	18	19
1	40	19	20
1	40	20	21
1	40	21	22
1	40	22	23
1	40	23	24
1	40	24	25
1	40	25	26
1	40	26	27
1	40	27	28
1	40	28	29
1	40	29	30
1	40	30	31
1	40	31	32
1	40	32	33
1	40	33	34
1	40	34	35
1	40	35	36
1	40	36	37
1	40	37	38
1	40	38	39
1	41	2	3
1	41	3	4
1	41	4	5
1	41	5	6
1	41	6	7
1	41	7	8
1	41	8	9
1	41	9	10
1	41	10	11
1	41	11	12
1	41	12	13
1	41	13	14
1	41	14	15
1	41	15	16
1	41	16	17
1	41	17	18
1	41	18	19
1	41	19	20
1	41	20	21
1	41	21	22
1	41	22	23
1	41	23	24
1	41	24	25
1	41	25	26
1	41	26	27
1	41	27	28
1	41	28	29
1	41	29	30
1	41	30	31
1	41	31	32
1	41	32	33
1	41	33	34
1	41	34	35
1	41	35	36
1	41	36	37
1	41	37	38
1	41	38	39
1	41	39	40
1	42	2	3
1	42	3	4
1	42	4	5
1	42	5	6
1	42	6	7
1	42	7	8
1	42	8	9
1	42	9	10
1	42	10	11
1	42	11	12
1	42	12	13
1	42	13	14
1	42	14	15
1	42	15	16
1	42	16	17
1	42	17	18
1	42	18	19
1	42	19	20
1	42	20	21
1	42	21	22
1	42	22	23
1	42	23	24
1	42	24	25
1	42	25	26
1	42	26	27
1	42	27	28
1	42	28	29
1	42	29	30
1	42	30	31
1	42	31	32
1	42	32	33
1	42	33	34
1	42	34	35
1	42	35	36
1	42	36	37
1	42	37	38
1	42	38	39
1	42	39	40
1	42	40	41
1	43	2	3
1	43	3	4
1	43	4	5
1	43	5	6
1	43	6	7
1	43	7	8
1	43	8	9
1	43	9	10
1	43	10	11
1	43	11	12
1	43	12	13
1	43	13	14
1	43	14	15
1	43	15	16
1	43	16	17
1	43	17	18
1	43	18	19
1	43	19	20
1	43	20	21
1	43	21	22
1	43	22	23
1	43	23	24
1	43	24	25
1	43	25	26
1	43	26	27
1	43	27	28
1	43	28	29
1	43	29	30
1	43	30	31
1	43	31	32
1	43	32	33
1	43	33	34
1	43	34	35
1	43	35	36
1	43	36	37
1	43	37	38
1	43	38	39
1	43	39	40
1	43	40	41
1	43	41	42
1	44	2	3
1	44	3	4
1	44	4	5
1	44	5	6
1	44	6	7
1	44	7	8
1	44	8	9
1	44	9	10
1	44	10	11
1	44	11	12
1	44	12	13
1	44	13	14
1	44	14	15
1	44	15	16
1	44	16	17
1	44	17	18
1	44	18	19
1	44	19	20
1	44	20	21
1	44	21	22
1	44	22	23
1	44	23	24
1	44	24	25
1	44	25	26
1	44	26	27
1	44	27	28
1	44	28	29
1	44	29	30
1	44	30	31
1	44	31	32
1	44	32	33
1	44	33	34
1	44	34	35
1	44	35	36
1	44	36	37
1	44	37	38
1	44	38	39
1	44	39	40
1	44	40	41
1	44	41	42
1	44	42	43
1	45	2	3
1	45	3	4
1	45	4	5
1	45	5	6
1	45	6	7
1	45	7	8
1	45	8	9
1	45	9	10
1	45	10	11
1	45	11	12
1	45	12	13
1	45	13	14
1	45	14	15
1	45	15	16
1	45	16	17
1	45	17	18
1	45	18	19
1	45	19	20
1	45	20	21
1	45	21	22
1	45	22	23
1	45	23	24
1	45	24	25
1	45	25	26
1	45	26	27
1	45	27	28
1	45	28	29
1	45	29	30
1	45	30	31
1	45	31	32
1	45	32	33
1	45	33	34
1	45	34	35
1	45	35	36
1	45	36	37
1	45	37	38
1	45	38	39
1	45	39	40
1	45	40	41
1	45	41	42
1	45	42	43
1	45	43	44
1	46	2	3
1	46	3	4
1	46	4	5
1	46	5	6
1	46	6	7
1	46	7	8
1	46	8	9
1	46	9	10
1	46	10	11
1	46	11	12
1	46	12	13
1	46	13	14
1	46	14	15
1	46	15	16
1	46	16	17
1	46	17	18
1	46	18	19
1	46	19	20
1	46	20	21
1	46	21	22
1	46	22	23
1	46	23	24
1	46	24	25
1	46	25	26
1	46	26	27
1	46	27	28
1	46	28	29
1	46	29	30
1	46	30	31
1	46	31	32
1	46	32	33
1	46	33	34
1	46	34	35
1	46	35	36
1	46	36	37
1	46	37	38
1	46	38	39
1	46	39	40
1	46	40	41
1	46	41	42
1	46	42	43
1	46	43	44
1	46	44	45
1	47	2	3
1	47	3	4
1	47	4	5
1	47	5	6
1	47	6	7
1	47	7	8
1	47	8	9
1	47	9	10
1	47	10	11
1	47	11	12
1	47	12	13
1	47	13	14
1	47	14	15
1	47	15	16
1	47	16	17
1	47	17	18
1	47	18	19
1	47	19	20
1	47	20	21
1	47	21	22
1	47	22	23
1	47	23	24
1	47	24	25
1	47	25	26
1	47	26	27
1	47	27	28
1	47	28	29
1	47	29	30
1	47	30	31
1	47	31	32
1	47	32	33
1	47	33	34
1	47	34	35
1	47	35	36
1	47	36	37
1	47	37	38
1	47	38	39
1	47	39	40
1	47	40	41
1	47	41	42
1	47	42	43
1	47	43	44
1	47	44	45
1	47	45	46
1	48	2	3
1	48	3	4
1	48	4	5
1	48	5	6
1	48	6	7
1	48	7	8
1	48	8	9
1	48	9	10
1	48	10	11
1	48	11	12
1	48	12	13
1	48	13	14
1	48	14	15
1	48	15	16
1	48	16	17
1	48	17	18
1	48	18	19
1	48	19	20
1	48	20	21
1	48	21	22
1	48	22	23
1	48	23	24
1	48	24	25
1	48	25	26
1	48	26	27
1	48	27	28
1	48	28	29
1	48	29	30
1	48	30	31
1	48	31	32
1	48	32	33
1	48	33	34
1	48	34	35
1	48	35	36
1	48	36	37
1	48	37	38
1	48	38	39
1	48	39	40
1	48	40	41
1	48	41	42
1	48	42	43
1	48	43	44
1	48	44	45
1	48	45	46
1	48	46	47
1	49	2	3
1	49	3	4
1	49	4	5
1	49	5	6
1	49	6	7
1	49	7	8
1	49	8	9
1	49	9	10
1	49	10	11
1	49	11	12
1	49	12	13
1	49	13	14
1	49	14	15
1	49	15	16
1	49	16	17
1	49	17	18
1	49	18	19
1	49	19	20
1	49	20	21
1	49	21	22
1	49	22	23
1	49	23	24
1	49	24	25
1	49	25	26
1	49	26	27
1	49	27	28
1	49	28	29
1	49	29	30
1	49	30	31
1	49	31	32
1	49	32	33
1	49	33	34
1	49	34	35
1	49	35	36
1	49	36	37
1	49	37	38
1	49	38	39
1	49	39	40
1	49	40	41
1	49	41	42
1	49	42	43
1	49	43	44
1	49	44	45
1	49	45	46
1	49	46	47
1	49	47	48
1	50	2	3
1	50	3	4
1	50	4	5
1	50	5	6
1	50	6	7
1	50	7	8
1	50	8	9
1	50	9	10
1	50	10	11
1	50	11	12
1	50	12	13
1	50	13	14
1	50	14	15
1	50	15	16
1	50	16	17
1	50	17	18
1	50	18	19
1	50	19	20
1	50	20	21
1	50	21	22
1	50	22	23
1	50	23	24
1	50	24	25
1	50	25	26
1	50	26	27
1	50	27	28
1	50	28	29
1	50	29	30
1	50	30	31
1	50	31	32
1	50	32	33
1	50	33	34
1	50	34	35
1	50	35	36
1	50	36	37
1	50	37	38
1	50	38	39
1	50	39	40
1	50	40	41
1	50	41	42
1	50	42	43
1	50	43	44
1	50	44	45
1	50	45	46
1	50	46	47
1	50	47	48
1	50	48	49
1	51	2	3
1	51	3	4
1	51	4	5
1	51	5	6
1	51	6	7
1	51	7	8
1	51	8	9
1	51	9	10
1	51	10	11
1	51	11	12
1	51	12	13
1	51	13	14
1	51	14	15
1	51	15	16
1	51	16	17
1	51	17	18
1	51	18	19
1	51	19	20
1	51	20	21
1	51	21	22
1	51	22	23
1	51	23	24
1	51	24	25
1	51	25	26
1	51	26	27
1	51	27	28
1	51	28	29
1	51	29	30
1	51	30	31
1	51	31	32
1	51	32	33
1	51	33	34
1	51	34	35
1	51	35	36
1	51	36	37
1	51	37	38
1	51	38	39
1	51	39	40
1	51	40	41
1	51	41	42
1	51	42	43
1	51	43	44
1	51	44	45
1	51	45	46
1	51	46	47
1	51	47	48
1	51	48	49
1	51	49	50
1	52	2	3
1	52	3	4
1	52	4	5
1	52	5	6
1	52	6	7
1	52	7	8
1	52	8	9
1	52	9	10
1	52	10	11
1	52	11	12
1	52	12	13
1	52	13	14
1	52	14	15
1	52	15	16
1	52	16	17
1	52	17	18
1	52	18	19
1	52	19	20
1	52	20	21
1	52	21	22
1	52	22	23
1	52	23	24
1	52	24	25
1	52	25	26
1	52	26	27
1	52	27	28
1	52	28	29
1	52	29	30
1	52	30	31
1	52	31	32
1	52	32	33
1	52	33	34
1	52	34	35
1	52	35	36
1	52	36	37
1	52	37	38
1	52	38	39
1	52	39	40
1	52	40	41
1	52	41	42
1	52	42	43
1	52	43	44
1	52	44	45
1	52	45	46
1	52	46	47
1	52	47	48
1	52	48	49
1	52	49	50
1	52	50	51
1	53	2	3
1	53	3	4
1	53	4	5
1	53	5	6
1	53	6	7
1	53	7	8
1	53	8	9
1	53	9	10
1	53	10	11
1	53	11	12
1	53	12	13
1	53	13	14
1	53	14	15
1	53	15	16
1	53	16	17
1	53	17	18
1	53	18	19
1	53	19	20
1	53	20	21
1	53	21	22
1	53	22	23
1	53	23	24
1	53	24	25
1	53	25	26
1	53	26	27
1	53	27	28
1	53	28	29
1	53	29	30
1	53	30	31
1	53	31	32
1	53	32	33
1	53	33	34
1	53	34	35
1	53	35	36
1	53	36	37
1	53	37	38
1	53	38	39
1	53	39	40
1	53	40	41
1	53	41	42
1	53	42	43
1	53	43	44
1	53	44	45
1	53	45	46
1	53	46	47
1	53	47	48
1	53	48	49
1	53	49	50
1	53	50	51
1	53	51	52
1	54	2	3
1	54	3	4
1	54	4	5
1	54	5	6
1	54	6	7
1	54	7	8
1	54	8	9
1	54	9	10
1	54	10	11
1	54	11	12
1	54	12	13
1	54	13	14
1	54	14	15
1	54	15	16
1	54	16	17
1	54	17	18
1	54	18	19
1	54	19	20
1	54	20	21
1	54	21	22
1	54	22	23
1	54	23	24
1	54	24	25
1	54	25	26
1	54	26	27
1	54	27	28
1	54	28	29
1	54	29	30
1	54	30	31
1	54	31	32
1	54	32	33
1	54	33	34
1	54	34	35
1	54	35	36
1	54	36	37
1	54	37	38
1	54	38	39
1	54	39	40
1	54	40	41
1	54	41	42
1	54	42	43
1	54	43	44
1	54	44	45
1	54	45	46
1	54	46	47
1	54	47	48
1	54	48	49
1	54	49	50
1	54	50	51
1	54	51	52
1	54	52	53
1	55	2	3
1	55	3	4
1	55	4	5
1	55	5	6
1	55	6	7
1	55	7	8
1	55	8	9
1	55	9	10
1	55	10	11
1	55	11	12
1	55	12	13
1	55	13	14
1	55	14	15
1	55	15	16
1	55	16	17
1	55	17	18
1	55	18	19
1	55	19	20
1	55	20	21
1	55	21	22
1	55	22	23
1	55	23	24
1	55	24	25
1	55	25	26
1	55	26	27
1	55	27	28
1	55	28	29
1	55	29	30
1	55	30	31
1	55	31	32
1	55	32	33
1	55	33	34
1	55	34	35
1	55	35	36
1	55	36	37
1	55	37	38
1	55	38	39
1	55	39	40
1	55	40	41
1	55	41	42
1	55	42	43
1	55	43	44
1	55	44	45
1	55	45	46
1	55	46	47
1	55	47	48
1	55	48	49
1	55	49	50
1	55	50	51
1	55	51	52
1	55	52	53
1	55	53	54
1	56	2	3
1	56	3	4
1	56	4	5
1	56	5	6
1	56	6	7
1	56	7	8
1	56	8	9
1	56	9	10
1	56	10	11
1	56	11	12
1	56	12	13
1	56	13	14
1	56	14	15
1	56	15	16
1	56	16	17
1	56	17	18
1	56	18	19
1	56	19	20
1	56	20	21
1	56	21	22
1	56	22	23
1	56	23	24
1	56	24	25
1	56	25	26
1	56	26	27
1	56	27	28
1	56	28	29
1	56	29	30
1	56	30	31
1	56	31	32
1	56	32	33
1	56	33	34
1	56	34	35
1	56	35	36
1	56	36	37
1	56	37	38
1	56	38	39
1	56	39	40
1	56	40	41
1	56	41	42
1	56	42	43
1	56	43	44
1	56	44	45
1	56	45	46
1	56	46	47
1	56	47	48
1	56	48	49
1	56	49	50
1	56	50	51
1	56	51	52
1	56	52	53
1	56	53	54
1	56	54	55
1	57	2	3
1	57	3	4
1	57	4	5
1	57	5	6
1	57	6	7
1	57	7	8
1	57	8	9
1	57	9	10
1	57	10	11
1	57	11	12
1	57	12	13
1	57	13	14
1	57	14	15
1	57	15	16
1	57	16	17
1	57	17	18
1	57	18	19
1	57	19	20
1	57	20	21
1	57	21	22
1	57	22	23
1	57	23	24
1	57	24	25
1	57	25	26
1	57	26	27
1	57	27	28
1	57	28	29
1	57	29	30
1	57	30	31
1	57	31	32
1	57	32	33
1	57	33	34
1	57	34	35
1	57	35	36
1	57	36	37
1	57	37	38
1	57	38	39
1	57	39	40
1	57	40	41
1	57	41	42
1	57	42	43
1	57	43	44
1	57	44	45
1	57	45	46
1	57	46	47
1	57	47	48
1	57	48	49
1	57	49	50
1	57	50	51
1	57	51	52
1	57	52	53
1	57	53	54
1	57	54	55
1	57	55	56
1	58	2	3
1	58	3	4
1	58	4	5
1	58	5	6
1	58	6	7
1	58	7	8
1	58	8	9
1	58	9	10
1	58	10	11
1	58	11	12
1	58	12	13
1	58	13	14
1	58	14	15
1	58	15	16
1	58	16	17
1	58	17	18
1	58	18	19
1	58	19	20
1	58	20	21
1	58	21	22
1	58	22	23
1	58	23	24
1	58	24	25
1	58	25	26
1	58	26	27
1	58	27	28
1	58	28	29
1	58	29	30
1	58	30	31
1	58	31	32
1	58	32	33
1	58	33	34
1	58	34	35
1	58	35	36
1	58	36	37
1	58	37	38
1	58	38	39
1	58	39	40
1	58	40	41
1	58	41	42
1	58	42	43
1	58	43	44
1	58	44	45
1	58	45	46
1	58	46	47
1	58	47	48
1	58	48	49
1	58	49	50
1	58	50	51
1	58	51	52
1	58	52	53
1	58	53	54
1	58	54	55
1	58	55	56
1	58	56	57
1	59	2	3
1	59	3	4
1	59	4	5
1	59	5	6
1	59	6	7
1	59	7	8
1	59	8	9
1	59	9	10
1	59	10	11
1	59	11	12
1	59	12	13
1	59	13	14
1	59	14	15
1	59	15	16
1	59	16	17
1	59	17	18
1	59	18	19
1	59	19	20
1	59	20	21
1	59	21	22
1	59	22	23
1	59	23	24
1	59	24	25
1	59	25	26
1	59	26	27
1	59	27	28
1	59	28	29
1	59	29	30
1	59	30	31
1	59	31	32
1	59	32	33
1	59	33	34
1	59	34	35
1	59	35	36
1	59	36	37
1	59	37	38
1	59	38	39
1	59	39	40
1	59	40	41
1	59	41	42
1	59	42	43
1	59	43	44
1	59	44	45
1	59	45	46
1	59	46	47
1	59	47	48
1	59	48	49
1	59	49	50
1	59	50	51
1	59	51	52
1	59	52	53
1	59	53	54
1	59	54	55
1	59	55	56
1	59	56	57
1	59	57	58
1	60	2	3
1	60	3	4
1	60	4	5
1	60	5	6
1	60	6	7
1	60	7	8
1	60	8	9
1	60	9	10
1	60	10	11
1	60	11	12
1	60	12	13
1	60	13	14
1	60	14	15
1	60	15	16
1	60	16	17
1	60	17	18
1	60	18	19
1	60	19	20
1	60	20	21
1	60	21	22
1	60	22	23
1	60	23	24
1	60	24	25
1	60	25	26
1	60	26	27
1	60	27	28
1	60	28	29
1	60	29	30
1	60	30	31
1	60	31	32
1	60	32	33
1	60	33	34
1	60	34	35
1	60	35	36
1	60	36	37
1	60	37	38
1	60	38	39
1	60	39	40
1	60	40	41
1	60	41	42
1	60	42	43
1	60	43	44
1	60	44	45
1	60	45	46
1	60	46	47
1	60	47	48
1	60	48	49
1	60	49	50
1	60	50	51
1	60	51	52
1	60	52	53
1	60	53	54
1	60	54	55
1	60	55	56
1	60	56	57
1	60	57	58
1	60	58	59
1	61	2	3
1	61	3	4
1	61	4	5
1	61	5	6
1	61	6	7
1	61	7	8
1	61	8	9
1	61	9	10
1	61	10	11
1	61	11	12
1	61	12	13
1	61	13	14
1	61	14	15
1	61	15	16
1	61	16	17
1	61	17	18
1	61	18	19
1	61	19	20
1	61	20	21
1	61	21	22
1	61	22	23
1	61	23	24
1	61	24	25
1	61	25	26
1	61	26	27
1	61	27	28
1	61	28	29
1	61	29	30
1	61	30	31
1	61	31	32
1	61	32	33
1	61	33	34
1	61	34	35
1	61	35	36
1	61	36	37
1	61	37	38
1	61	38	39
1	61	39	40
1	61	40	41
1	61	41	42
1	61	42	43
1	61	43	44
1	61	44	45
1	61	45	46
1	61	46	47
1	61	47	48
1	61	48	49
1	61	49	50
1	61	50	51
1	61	51	52
1	61	52	53
1	61	53	54
1	61	54	55
1	61	55	56
1	61	56	57
1	61	57	58
1	61	58	59
1	61	59	60
1	62	2	3
1	62	3	4
1	62	4	5
1	62	5	6
1	62	6	7
1	62	7	8
1	62	8	9
1	62	9	10
1	62	10	11
1	62	11	12
1	62	12	13
1	62	13	14
1	62	14	15
1	62	15	16
1	62	16	17
1	62	17	18
1	62	18	19
1	62	19	20
1	62	20	21
1	62	21	22
1	62	22	23
1	62	23	24
1	62	24	25
1	62	25	26
1	62	26	27
1	62	27	28
1	62	28	29
1	62	29	30
1	62	30	31
1	62	31	32
1	62	32	33
1	62	33	34
1	62	34	35
1	62	35	36
1	62	36	37
1	62	37	38
1	62	38	39
1	62	39	40
1	62	40	41
1	62	41	42
1	62	42	43
1	62	43	44
1	62	44	45
1	62	45	46
1	62	46	47
1	62	47	48
1	62	48	49
1	62	49	50
1	62	50	51
1	62	51	52
1	62	52	53
1	62	53	54
1	62	54	55
1	62	55	56
1	62	56	57
1	62	57	58
1	62	58	59
1	62	59	60
1	62	60	61
1	63	2	3
1	63	3	4
1	63	4	5
1	63	5	6
1	63	6	7
1	63	7	8
1	63	8	9
1	63	9	10
1	63	10	11
1	63	11	12
1	63	12	13
1	63	13	14
1	63	14	15
1	63	15	16
1	63	16	17
1	63	17	18
1	63	18	19
1	63	19	20
1	63	20	21
1	63	21	22
1	63	22	23
1	63	23	24
1	63	24	25
1	63	25	26
1	63	26	27
1	63	27	28
1	63	28	29
1	63	29	30
1	63	30	31
1	63	31	32
1	63	32	33
1	63	33	34
1	63	34	35
1	63	35	36
1	63	36	37
1	63	37	38
1	63	38	39
1	63	39	40
1	63	40	41
1	63	41	42
1	63	42	43
1	63	43	44
1	63	44	45
1	63	45	46
1	63	46	47
1	63	47	48
1	63	48	49
1	63	49	50
1	63	50	51
1	63	51	52
1	63	52	53
1	63	53	54
1	63	54	55
1	63	55	56
1	63	56	57
1	63	57	58
1	63	58	59
1	63	59	60
1	63	60	61
1	63	61	62
1	64	2	3
1	64	3	4
1	64	4	5
1	64	5	6
1	64	6	7
1	64	7	8
1	64	8	9
1	64	9	10
1	64	10	11
1	64	11	12
1	64	12	13
1	64	13	14
1	64	14	15
1	64	15	16
1	64	16	17
1	64	17	18
1	64	18	19
1	64	19	20
1	64	20	21
1	64	21	22
1	64	22	23
1	64	23	24
1	64	24	25
1	64	25	26
1	64	26	27
1	64	27	28
1	64	28	29
1	64	29	30
1	64	30	31
1	64	31	32
1	64	32	33
1	64	33	34
1	64	34	35
1	64	35	36
1	64	36	37
1	64	37	38
1	64	38	39
1	64	39	40
1	64	40	41
1	64	41	42
1	64	42	43
1	64	43	44
1	64	44	45
1	64	45	46
1	64	46	47
1	64	47	48
1	64	48	49
1	64	49	50
1	64	50	51
1	64	51	52
1	64	52	53
1	64	53	54
1	64	54	55
1	64	55	56
1	64	56	57
1	64	57	58
1	64	58	59
1	64	59	60
1	64	60	61
1	64	61	62
1	64	62	63
1	65	2	3
1	65	3	4
1	65	4	5
1	65	5	6
1	65	6	7
1	65	7	8
1	65	8	9
1	65	9	10
1	65	10	11
1	65	11	12
1	65	12	13
1	65	13	14
1	65	14	15
1	65	15	16
1	65	16	17
1	65	17	18
1	65	18	19
1	65	19	20
1	65	20	21
1	65	21	22
1	65	22	23
1	65	23	24
1	65	24	25
1	65	25	26
1	65	26	27
1	65	27	28
1	65	28	29
1	65	29	30
1	65	30	31
1	65	31	32
1	65	32	33
1	65	33	34
1	65	34	35
1	65	35	36
1	65	36	37
1	65	37	38
1	65	38	39
1	65	39	40
1	65	40	41
1	65	41	42
1	65	42	43
1	65	43	44
1	65	44	45
1	65	45	46
1	65	46	47
1	65	47	48
1	65	48	49
1	65	49	50
1	65	50	51
1	65	51	52
1	65	52	53
1	65	53	54
1	65	54	55
1	65	55	56
1	65	56	57
1	65	57	58
1	65	58	59
1	65	59	60
1	65	60	61
1	65	61	62
1	65	62	63
1	65	63	64
2	65	3	4
2	65	4	5
2	65	5	6
2	65	6	7
2	65	7	8
2	65	8	9
2	65	9	10
2	65	10	11
2	65	11	12
2	65	12	13
2	65	13	14
2	65	14	15
2	65	15	16
2	65	16	17
2	65	17	18
2	65	18	19
2	65	19	20
2	65	20	21
2	65	21	22
2	65	22	23
2	65	23	24
2	65	24	25
2	65	25	26
2	65	26	27
2	65	27	28
2	65	28	29
2	65	29	30
2	65	30	31
2	65	31	32
2	65	32	33
2	65	33	34
2	65	34	35
2	65	35	36
2	65	36	37
2	65	37	38
2	65	38	39
2	65	39	40
2	65	40	41
2	65	41	42
2	65	42	43
2	65	43	44
2	65	44	45
2	65	45	46
2	65	46	47
2	65	47	48
2	65	48	49
2	65	49	50
2	65	50	51
2	65	51	52
2	65	52	53
2	65	53	54
2	65	54	55
2	65	55	56
2	65	56	57
2	65	57	58
2	65	58	59
2	65	59	60
2	65	60	61
2	65	61	62
2	65	62	63
2	65	63	64
3	65	4	5
3	65	5	6
3	65	6	7
3	65	7	8
3	65	8	9
3	65	9	10
3	65	10	11
3	65	11	12
3	65	12	13
3	65	13	14
3	65	14	15
3	65	15	16
3	65	16	17
3	65	17	18
3	65	18	19
3	65	19	20
3	65	20	21
3	65	21	22
3	65	22	23
3	65	23	24
3	65	24	25
3	65	25	26
3	65	26	27
3	65	27	28
3	65	28	29
3	65	29	30
3	65	30	31
3	65	31	32
3	65	32	33
3	65	33	34
3	65	34	35
3	65	35	36
3	65	36	37
3	65	37	38
3	65	38	39
3	65	39	40
3	65	40	41
3	65	41	42
3	65	42	43
3	65	43	44
3	65	44	45
3	65	45	46
3	65	46	47
3	65	47	48
3	65	48	49
3	65	49	50
3	65	50	51
3	65	51	52
3	65	52	53
3	65	53	54
3	65	54	55
3	65	55	56
3	65	56	57
3	65	57	58
3	65	58	59
3	65	59	60
3	65	60	61
3	65	61	62
3	65	62	63
3	65	63	64
4	65	5	6
4	65	6	7
4	65	7	8
4	65	8	9
4	65	9	10
4	65	10	11
4	65	11	12
4	65	12	13
4	65	13	14
4	65	14	15
4	65	15	16
4	65	16	17
4	65	17	18
4	65	18	19
4	65	19	20
4	65	20	21
4	65	21	22
4	65	22	23
4	65	23	24
4	65	24	25
4	65	25	26
4	65	26	27
4	65	27	28
4	65	28	29
4	65	29	30
4	65	30	31
4	65	31	32
4	65	32	33
4	65	33	34
4	65	34	35
4	65	35	36
4	65	36	37
4	65	37	38
4	65	38	39
4	65	39	40
4	65	40	41
4	65	41	42
4	65	42	43
4	65	43	44
4	65	44	45
4	65	45	46
4	65	46	47
4	65	47	48
4	65	48	49
4	65	49	50
4	65	50	51
4	65	51	52
4	65	52	53
4	65	53	54
4	65	54	55
4	65	55	56
4	65	56	57
4	65	57	58
4	65	58	59
4	65	59	60
4	65	60	61
4	65	61	62
4	65	62	63
4	65	63	64
5	65	6	7
5	65	7	8
5	65	8	9
5	65	9	10
5	65	10	11
5	65	11	12
5	65	12	13
5	65	13	14
5	65	14	15
5	65	15	16
5	65	16	17
5	65	17	18
5	65	18	19
5	65	19	20
5	65	20	21
5	65	21	22
5	65	22	23
5	65	23	24
5	65	24	25
5	65	25	26
5	65	26	27
5	65	27	28
5	65	28	29
5	65	29	30
5	65	30	31
5	65	31	32
5	65	32	33
5	65	33	34
5	65	34	35
5	65	35	36
5	65	36	37
5	65	37	38
5	65	38	39
5	65	39	40
5	65	40	41
5	65	41	42
5	65	42	43
5	65	43	44
5	65	44	45
5	65	45	46
5	65	46	47
5	65	47	48
5	65	48	49
5	65	49	50
5	65	50	51
5	65	51	52
5	65	52	53
5	65	53	54
5	65	54	55
5	65	55	56
5	65	56	57
5	65	57	58
5	65	58	59
5	65	59	60
5	65	60	61
5	65	61	62
5	65	62	63
5	65	63	64
6	65	7	8
6	65	8	9
6	65	9	10
6	65	10	11
6	65	11	12
6	65	12	13
6	65	13	14
6	65	14	15
6	65	15	16
6	65	16	17
6	65	17	18
6	65	18	19
6	65	19	20
6	65	20	21
6	65	21	22
6	65	22	23
6	65	23	24
6	65	24	25
6	65	25	26
6	65	26	27
6	65	27	28
6	65	28	29
6	65	29	30
6	65	30	31
6	65	31	32
6	65	32	33
6	65	33	34
6	65	34	35
6	65	35	36
6	65	36	37
6	65	37	38
6	65	38	39
6	65	39	40
6	65	40	41
6	65	41	42
6	65	42	43
6	65	43	44
6	65	44	45
6	65	45	46
6	65	46	47
6	65	47	48
6	65	48	49
6	65	49	50
6	65	50	51
6	65	51	52
6	65	52	53
6	65	53	54
6	65	54	55
6	65	55	56
6	65	56	57
6	65	57	58
6	65	58	59
6	65	59	60
6	65	60	61
6	65	61	62
6	65	62	63
6	65	63	64
6	66	7	8
6	66	8	9
6	66	9	10
6	66	10	11
6	66	11	12
6	66	12	13
6	66	13	14
6	66	14	15
6	66	15	16
6	66	16	17
6	66	17	18
6	66	18	19
6	66	19	20
6	66	20	21
6	66	21	22
6	66	22	23
6	66	23	24
6	66	24	25
6	66	25	26
6	66	26	27
6	66	27	28
6	66	28	29
6	66	29	30
6	66	30	31
6	66	31	32
6	66	32	33
6	66	33	34
6	66	34	35
6	66	35	36
6	66	36	37
6	66	37	38
6	66	38	39
6	66	39	40
6	66	40	41
6	66	41	42
6	66	42	43
6	66	43	44
6	66	44	45
6	66	45	46
6	66	46	47
6	66	47	48
6	66	48	49
6	66	49	50
6	66	50	51
6	66	51	52
6	66	52	53
6	66	53	54
6	66	54	55
6	66	55	56
6	66	56	57
6	66	57	58
6	66	58	59
6	66	59	60
6	66	60	61
6	66	61	62
6	66	62	63
6	66	63	64
6	66	64	65
6	67	7	8
6	67	8	9
6	67	9	10
6	67	10	11
6	67	11	12
6	67	12	13
6	67	13	14
6	67	14	15
6	67	15	16
6	67	16	17
6	67	17	18
6	67	18	19
6	67	19	20
6	67	20	21
6	67	21	22
6	67	22	23
6	67	23	24
6	67	24	25
6	67	25	26
6	67	26	27
6	67	27	28
6	67	28	29
6	67	29	30
6	67	30	31
6	67	31	32
6	67	32	33
6	67	33	34
6	67	34	35
6	67	35	36
6	67	36	37
6	67	37	38
6	67	38	39
6	67	39	40
6	67	40	41
6	67	41	42
6	67	42	43
6	67	43	44
6	67	44	45
6	67	45	46
6	67	46	47
6	67	47	48
6	67	48	49
6	67	49	50
6	67	50	51
6	67	51	52
6	67	52	53
6	67	53	54
6	67	54	55
6	67	55	56
6	67	56	57
6	67	57	58
6	67	58	59
6	67	59	60
6	67	60	61
6	67	61	62
6	67	62	63
6	67	63	64
6	67	64	65
6	67	65	66
6	68	7	8
6	68	8	9
6	68	9	10
6	68	10	11
6	68	11	12
6	68	12	13
6	68	13	14
6	68	14	15
6	68	15	16
6	68	16	17
6	68	17	18
6	68	18	19
6	68	19	20
6	68	20	21
6	68	21	22
6	68	22	23
6	68	23	24
6	68	24	25
6	68	25	26
6	68	26	27
6	68	27	28
6	68	28	29
6	68	29	30
6	68	30	31
6	68	31	32
6	68	32	33
6	68	33	34
6	68	34	35
6	68	35	36
6	68	36	37
6	68	37	38
6	68	38	39
6	68	39	40
6	68	40	41
6	68	41	42
6	68	42	43
6	68	43	44
6	68	44	45
6	68	45	46
6	68	46	47
6	68	47	48
6	68	48	49
6	68	49	50
6	68	50	51
6	68	51	52
6	68	52	53
6	68	53	54
6	68	54	55
6	68	55	56
6	68	56	57
6	68	57	58
6	68	58	59
6	68	59	60
6	68	60	61
6	68	61	62
6	68	62	63
6	68	63	64
6	68	64	65
6	68	65	66
6	68	66	67
6	69	7	8
6	69	8	9
6	69	9	10
6	69	10	11
6	69	11	12
6	69	12	13
6	69	13	14
6	69	14	15
6	69	15	16
6	69	16	17
6	69	17	18
6	69	18	19
6	69	19	20
6	69	20	21
6	69	21	22
6	69	22	23
6	69	23	24
6	69	24	25
6	69	25	26
6	69	26	27
6	69	27	28
6	69	28	29
6	69	29	30
6	69	30	31
6	69	31	32
6	69	32	33
6	69	33	34
6	69	34	35
6	69	35	36
6	69	36	37
6	69	37	38
6	69	38	39
6	69	39	40
6	69	40	41
6	69	41	42
6	69	42	43
6	69	43	44
6	69	44	45
6	69	45	46
6	69	46	47
6	69	47	48
6	69	48	49
6	69	49	50
6	69	50	51
6	69	51	52
6	69	52	53
6	69	53	54
6	69	54	55
6	69	55	56
6	69	56	57
6	69	57	58
6	69	58	59
6	69	59	60
6	69	60	61
6	69	61	62
6	69	62	63
6	69	63	64
6	69	64	65
6	69	65	66
6	69	66	67
6	69	67	68
6	70	7	8
6	70	8	9
6	70	9	10
6	70	10	11
6	70	11	12
6	70	12	13
6	70	13	14
6	70	14	15
6	70	15	16
6	70	16	17
6	70	17	18
6	70	18	19
6	70	19	20
6	70	20	21
6	70	21	22
6	70	22	23
6	70	23	24
6	70	24	25
6	70	25	26
6	70	26	27
6	70	27	28
6	70	28	29
6	70	29	30
6	70	30	31
6	70	31	32
6	70	32	33
6	70	33	34
6	70	34	35
6	70	35	36
6	70	36	37
6	70	37	38
6	70	38	39
6	70	39	40
6	70	40	41
6	70	41	42
6	70	42	43
6	70	43	44
6	70	44	45
6	70	45	46
6	70	46	47
6	70	47	48
6	70	48	49
6	70	49	50
6	70	50	51
6	70	51	52
6	70	52	53
6	70	53	54
6	70	54	55
6	70	55	56
6	70	56	57
6	70	57	58
6	70	58	59
6	70	59	60
6	70	60	61
6	70	61	62
6	70	62	63
6	70	63	64
6	70	64	65
6	70	65	66
6	70	66	67
6	70	67	68
6	70	68	69
7	65	8	9
7	65	9	10
7	65	10	11
7	65	11	12
7	65	12	13
7	65	13	14
7	65	14	15
7	65	15	16
7	65	16	17
7	65	17	18
7	65	18	19
7	65	19	20
7	65	20	21
7	65	21	22
7	65	22	23
7	65	23	24
7	65	24	25
7	65	25	26
7	65	26	27
7	65	27	28
7	65	28	29
7	65	29	30
7	65	30	31
7	65	31	32
7	65	32	33
7	65	33	34
7	65	34	35
7	65	35	36
7	65	36	37
7	65	37	38
7	65	38	39
7	65	39	40
7	65	40	41
7	65	41	42
7	65	42	43
7	65	43	44
7	65	44	45
7	65	45	46
7	65	46	47
7	65	47	48
7	65	48	49
7	65	49	50
7	65	50	51
7	65	51	52
7	65	52	53
7	65	53	54
7	65	54	55
7	65	55	56
7	65	56	57
7	65	57	58
7	65	58	59
7	65	59	60
7	65	60	61
7	65	61	62
7	65	62	63
7	65	63	64
7	70	8	9
7	70	9	10
7	70	10	11
7	70	11	12
7	70	12	13
7	70	13	14
7	70	14	15
7	70	15	16
7	70	16	17
7	70	17	18
7	70	18	19
7	70	19	20
7	70	20	21
7	70	21	22
7	70	22	23
7	70	23	24
7	70	24	25
7	70	25	26
7	70	26	27
7	70	27	28
7	70	28	29
7	70	29	30
7	70	30	31
7	70	31	32
7	70	32	33
7	70	33	34
7	70	34	35
7	70	35	36
7	70	36	37
7	70	37	38
7	70	38	39
7	70	39	40
7	70	40	41
7	70	41	42
7	70	42	43
7	70	43	44
7	70	44	45
7	70	45	46
7	70	46	47
7	70	47	48
7	70	48	49
7	70	49	50
7	70	50	51
7	70	51	52
7	70	52	53
7	70	53	54
7	70	54	55
7	70	55	56
7	70	56	57
7	70	57	58
7	70	58	59
7	70	59	60
7	70	60	61
7	70	61	62
7	70	62	63
7	70	63	64
7	70	64	65
7	70	65	66
7	70	66	67
7	70	67	68
7	70	68	69
8	65	9	10
8	65	10	11
8	65	11	12
8	65	12	13
8	65	13	14
8	65	14	15
8	65	15	16
8	65	16	17
8	65	17	18
8	65	18	19
8	65	19	20
8	65	20	21
8	65	21	22
8	65	22	23
8	65	23	24
8	65	24	25
8	65	25	26
8	65	26	27
8	65	27	28
8	65	28	29
8	65	29	30
8	65	30	31
8	65	31	32
8	65	32	33
8	65	33	34
8	65	34	35
8	65	35	36
8	65	36	37
8	65	37	38
8	65	38	39
8	65	39	40
8	65	40	41
8	65	41	42
8	65	42	43
8	65	43	44
8	65	44	45
8	65	45	46
8	65	46	47
8	65	47	48
8	65	48	49
8	65	49	50
8	65	50	51
8	65	51	52
8	65	52	53
8	65	53	54
8	65	54	55
8	65	55	56
8	65	56	57
8	65	57	58
8	65	58	59
8	65	59	60
8	65	60	61
8	65	61	62
8	65	62	63
8	65	63	64
8	70	9	10
8	70	10	11
8	70	11	12
8	70	12	13
8	70	13	14
8	70	14	15
8	70	15	16
8	70	16	17
8	70	17	18
8	70	18	19
8	70	19	20
8	70	20	21
8	70	21	22
8	70	22	23
8	70	23	24
8	70	24	25
8	70	25	26
8	70	26	27
8	70	27	28
8	70	28	29
8	70	29	30
8	70	30	31
8	70	31	32
8	70	32	33
8	70	33	34
8	70	34	35
8	70	35	36
8	70	36	37
8	70	37	38
8	70	38	39
8	70	39	40
8	70	40	41
8	70	41	42
8	70	42	43
8	70	43	44
8	70	44	45
8	70	45	46
8	70	46	47
8	70	47	48
8	70	48	49
8	70	49	50
8	70	50	51
8	70	51	52
8	70	52	53
8	70	53	54
8	70	54	55
8	70	55	56
8	70	56	57
8	70	57	58
8	70	58	59
8	70	59	60
8	70	60	61
8	70	61	62
8	70	62	63
8	70	63	64
8	70	64	65
8	70	65	66
8	70	66	67
8	70	67	68
8	70	68	69
9	65	10	11
9	65	11	12
9	65	12	13
9	65	13	14
9	65	14	15
9	65	15	16
9	65	16	17
9	65	17	18
9	65	18	19
9	65	19	20
9	65	20	21
9	65	21	22
9	65	22	23
9	65	23	24
9	65	24	25
9	65	25	26
9	65	26	27
9	65	27	28
9	65	28	29
9	65	29	30
9	65	30	31
9	65	31	32
9	65	32	33
9	65	33	34
9	65	34	35
9	65	35	36
9	65	36	37
9	65	37	38
9	65	38	39
9	65	39	40
9	65	40	41
9	65	41	42
9	65	42	43
9	65	43	44
9	65	44	45
9	65	45	46
9	65	46	47
9	65	47	48
9	65	48	49
9	65	49	50
9	65	50	51
9	65	51	52
9	65	52	53
9	65	53	54
9	65	54	55
9	65	55	56
9	65	56	57
9	65	57	58
9	65	58	59
9	65	59	60
9	65	60	61
9	65	61	62
9	65	62	63
9	65	63	64
9	70	10	11
9	70	11	12
9	70	12	13
9	70	13	14
9	70	14	15
9	70	15	16
9	70	16	17
9	70	17	18
9	70	18	19
9	70	19	20
9	70	20	21
9	70	21	22
9	70	22	23
9	70	23	24
9	70	24	25
9	70	25	26
9	70	26	27
9	70	27	28
9	70	28	29
9	70	29	30
9	70	30	31
9	70	31	32
9	70	32	33
9	70	33	34
9	70	34	35
9	70	35	36
9	70	36	37
9	70	37	38
9	70	38	39
9	70	39	40
9	70	40	41
9	70	41	42
9	70	42	43
9	70	43	44
9	70	44	45
9	70	45	46
9	70	46	47
9	70	47	48
9	70	48	49
9	70	49	50
9	70	50	51
9	70	51	52
9	70	52	53
9	70	53	54
9	70	54	55
9	70	55	56
9	70	56	57
9	70	57	58
9	70	58	59
9	70	59	60
9	70	60	61
9	70	61	62
9	70	62	63
9	70	63	64
9	70	64	65
9	70	65	66
9	70	66	67
9	70	67	68
9	70	68	69
10	65	11	12
10	65	12	13
10	65	13	14
10	65	14	15
10	65	15	16
10	65	16	17
10	65	17	18
10	65	18	19
10	65	19	20
10	65	20	21
10	65	21	22
10	65	22	23
10	65	23	24
10	65	24	25
10	65	25	26
10	65	26	27
10	65	27	28
10	65	28	29
10	65	29	30
10	65	30	31
10	65	31	32
10	65	32	33
10	65	33	34
10	65	34	35
10	65	35	36
10	65	36	37
10	65	37	38
10	65	38	39
10	65	39	40
10	65	40	41
10	65	41	42
10	65	42	43
10	65	43	44
10	65	44	45
10	65	45	46
10	65	46	47
10	65	47	48
10	65	48	49
10	65	49	50
10	65	50	51
10	65	51	52
10	65	52	53
10	65	53	54
10	65	54	55
10	65	55	56
10	65	56	57
10	65	57	58
10	65	58	59
10	65	59	60
10	65	60	61
10	65	61	62
10	65	62	63
10	65	63	64
10	70	11	12
10	70	12	13
10	70	13	14
10	70	14	15
10	70	15	16
10	70	16	17
10	70	17	18
10	70	18	19
10	70	19	20
10	70	20	21
10	70	21	22
10	70	22	23
10	70	23	24
10	70	24	25
10	70	25	26
10	70	26	27
10	70	27	28
10	70	28	29
10	70	29	30
10	70	30	31
10	70	31	32
10	70	32	33
10	70	33	34
10	70	34	35
10	70	35	36
10	70	36	37
10	70	37	38
10	70	38	39
10	70	39	40
10	70	40	41
10	70	41	42
10	70	42	43
10	70	43	44
10	70	44	45
10	70	45	46
10	70	46	47
10	70	47	48
10	70	48	49
10	70	49	50
10	70	50	51
10	70	51	52
10	70	52	53
10	70	53	54
10	70	54	55
10	70	55	56
10	70	56	57
10	70	57	58
10	70	58	59
10	70	59	60
10	70	60	61
10	70	61	62
10	70	62	63
10	70	63	64
10	70	64	65
10	70	65	66
10	70	66	67
10	70	67	68
10	70	68	69
11	65	12	13
11	65	13	14
11	65	14	15
11	65	15	16
11	65	16	17
11	65	17	18
11	65	18	19
11	65	19	20
11	65	20	21
11	65	21	22
11	65	22	23
11	65	23	24
11	65	24	25
11	65	25	26
11	65	26	27
11	65	27	28
11	65	28	29
11	65	29	30
11	65	30	31
11	65	31	32
11	65	32	33
11	65	33	34
11	65	34	35
11	65	35	36
11	65	36	37
11	65	37	38
11	65	38	39
11	65	39	40
11	65	40	41
11	65	41	42
11	65	42	43
11	65	43	44
11	65	44	45
11	65	45	46
11	65	46	47
11	65	47	48
11	65	48	49
11	65	49	50
11	65	50	51
11	65	51	52
11	65	52	53
11	65	53	54
11	65	54	55
11	65	55	56
11	65	56	57
11	65	57	58
11	65	58	59
11	65	59	60
11	65	60	61
11	65	61	62
11	65	62	63
11	65	63	64
11	70	12	13
11	70	13	14
11	70	14	15
11	70	15	16
11	70	16	17
11	70	17	18
11	70	18	19
11	70	19	20
11	70	20	21
11	70	21	22
11	70	22	23
11	70	23	24
11	70	24	25
11	70	25	26
11	70	26	27
11	70	27	28
11	70	28	29
11	70	29	30
11	70	30	31
11	70	31	32
11	70	32	33
11	70	33	34
11	70	34	35
11	70	35	36
11	70	36	37
11	70	37	38
11	70	38	39
11	70	39	40
11	70	40	41
11	70	41	42
11	70	42	43
11	70	43	44
11	70	44	45
11	70	45	46
11	70	46	47
11	70	47	48
11	70	48	49
11	70	49	50
11	70	50	51
11	70	51	52
11	70	52	53
11	70	53	54
11	70	54	55
11	70	55	56
11	70	56	57
11	70	57	58
11	70	58	59
11	70	59	60
11	70	60	61
11	70	61	62
11	70	62	63
11	70	63	64
11	70	64	65
11	70	65	66
11	70	66	67
11	70	67	68
11	70	68	69
12	65	13	14
12	65	14	15
12	65	15	16
12	65	16	17
12	65	17	18
12	65	18	19
12	65	19	20
12	65	20	21
12	65	21	22
12	65	22	23
12	65	23	24
12	65	24	25
12	65	25	26
12	65	26	27
12	65	27	28
12	65	28	29
12	65	29	30
12	65	30	31
12	65	31	32
12	65	32	33
12	65	33	34
12	65	34	35
12	65	35	36
12	65	36	37
12	65	37	38
12	65	38	39
12	65	39	40
12	65	40	41
12	65	41	42
12	65	42	43
12	65	43	44
12	65	44	45
12	65	45	46
12	65	46	47
12	65	47	48
12	65	48	49
12	65	49	50
12	65	50	51
12	65	51	52
12	65	52	53
12	65	53	54
12	65	54	55
12	65	55	56
12	65	56	57
12	65	57	58
12	65	58	59
12	65	59	60
12	65	60	61
12	65	61	62
12	65	62	63
12	65	63	64
12	70	13	14
12	70	14	15
12	70	15	16
12	70	16	17
12	70	17	18
12	70	18	19
12	70	19	20
12	70	20	21
12	70	21	22
12	70	22	23
12	70	23	24
12	70	24	25
12	70	25	26
12	70	26	27
12	70	27	28
12	70	28	29
12	70	29	30
12	70	30	31
12	70	31	32
12	70	32	33
12	70	33	34
12	70	34	35
12	70	35	36
12	70	36	37
12	70	37	38
12	70	38	39
12	70	39	40
12	70	40	41
12	70	41	42
12	70	42	43
12	70	43	44
12	70	44	45
12	70	45	46
12	70	46	47
12	70	47	48
12	70	48	49
12	70	49	50
12	70	50	51
12	70	51	52
12	70	52	53
12	70	53	54
12	70	54	55
12	70	55	56
12	70	56	57
12	70	57	58
12	70	58	59
12	70	59	60
12	70	60	61
12	70	61	62
12	70	62	63
12	70	63	64
12	70	64	65
12	70	65	66
12	70	66	67
12	70	67	68
12	70	68	69
13	65	14	15
13	65	15	16
13	65	16	17
13	65	17	18
13	65	18	19
13	65	19	20
13	65	20	21
13	65	21	22
13	65	22	23
13	65	23	24
13	65	24	25
13	65	25	26
13	65	26	27
13	65	27	28
13	65	28	29
13	65	29	30
13	65	30	31
13	65	31	32
13	65	32	33
13	65	33	34
13	65	34	35
13	65	35	36
13	65	36	37
13	65	37	38
13	65	38	39
13	65	39	40
13	65	40	41
13	65	41	42
13	65	42	43
13	65	43	44
13	65	44	45
13	65	45	46
13	65	46	47
13	65	47	48
13	65	48	49
13	65	49	50
13	65	50	51
13	65	51	52
13	65	52	53
13	65	53	54
13	65	54	55
13	65	55	56
13	65	56	57
13	65	57	58
13	65	58	59
13	65	59	60
13	65	60	61
13	65	61	62
13	65	62	63
13	65	63	64
13	70	14	15
13	70	15	16
13	70	16	17
13	70	17	18
13	70	18	19
13	70	19	20
13	70	20	21
13	70	21	22
13	70	22	23
13	70	23	24
13	70	24	25
13	70	25	26
13	70	26	27
13	70	27	28
13	70	28	29
13	70	29	30
13	70	30	31
13	70	31	32
13	70	32	33
13	70	33	34
13	70	34	35
13	70	35	36
13	70	36	37
13	70	37	38
13	70	38	39
13	70	39	40
13	70	40	41
13	70	41	42
13	70	42	43
13	70	43	44
13	70	44	45
13	70	45	46
13	70	46	47
13	70	47	48
13	70	48	49
13	70	49	50
13	70	50	51
13	70	51	52
13	70	52	53
13	70	53	54
13	70	54	55
13	70	55	56
13	70	56	57
13	70	57	58
13	70	58	59
13	70	59	60
13	70	60	61
13	70	61	62
13	70	62	63
13	70	63	64
13	70	64	65
13	70	65	66
13	70	66	67
13	70	67	68
13	70	68	69
14	65	15	16
14	65	16	17
14	65	17	18
14	65	18	19
14	65	19	20
14	65	20	21
14	65	21	22
14	65	22	23
14	65	23	24
14	65	24	25
14	65	25	26
14	65	26	27
14	65	27	28
14	65	28	29
14	65	29	30
14	65	30	31
14	65	31	32
14	65	32	33
14	65	33	34
14	65	34	35
14	65	35	36
14	65	36	37
14	65	37	38
14	65	38	39
14	65	39	40
14	65	40	41
14	65	41	42
14	65	42	43
14	65	43	44
14	65	44	45
14	65	45	46
14	65	46	47
14	65	47	48
14	65	48	49
14	65	49	50
14	65	50	51
14	65	51	52
14	65	52	53
14	65	53	54
14	65	54	55
14	65	55	56
14	65	56	57
14	65	57	58
14	65	58	59
14	65	59	60
14	65	60	61
14	65	61	62
14	65	62	63
14	65	63	64
14	70	15	16
14	70	16	17
14	70	17	18
14	70	18	19
14	70	19	20
14	70	20	21
14	70	21	22
14	70	22	23
14	70	23	24
14	70	24	25
14	70	25	26
14	70	26	27
14	70	27	28
14	70	28	29
14	70	29	30
14	70	30	31
14	70	31	32
14	70	32	33
14	70	33	34
14	70	34	35
14	70	35	36
14	70	36	37
14	70	37	38
14	70	38	39
14	70	39	40
14	70	40	41
14	70	41	42
14	70	42	43
14	70	43	44
14	70	44	45
14	70	45	46
14	70	46	47
14	70	47	48
14	70	48	49
14	70	49	50
14	70	50	51
14	70	51	52
14	70	52	53
14	70	53	54
14	70	54	55
14	70	55	56
14	70	56	57
14	70	57	58
14	70	58	59
14	70	59	60
14	70	60	61
14	70	61	62
14	70	62	63
14	70	63	64
14	70	64	65
14	70	65	66
14	70	66	67
14	70	67	68
14	70	68	69
15	65	16	17
15	65	17	18
15	65	18	19
15	65	19	20
15	65	20	21
15	65	21	22
15	65	22	23
15	65	23	24
15	65	24	25
15	65	25	26
15	65	26	27
15	65	27	28
15	65	28	29
15	65	29	30
15	65	30	31
15	65	31	32
15	65	32	33
15	65	33	34
15	65	34	35
15	65	35	36
15	65	36	37
15	65	37	38
15	65	38	39
15	65	39	40
15	65	40	41
15	65	41	42
15	65	42	43
15	65	43	44
15	65	44	45
15	65	45	46
15	65	46	47
15	65	47	48
15	65	48	49
15	65	49	50
15	65	50	51
15	65	51	52
15	65	52	53
15	65	53	54
15	65	54	55
15	65	55	56
15	65	56	57
15	65	57	58
15	65	58	59
15	65	59	60
15	65	60	61
15	65	61	62
15	65	62	63
15	65	63	64
15	70	16	17
15	70	17	18
15	70	18	19
15	70	19	20
15	70	20	21
15	70	21	22
15	70	22	23
15	70	23	24
15	70	24	25
15	70	25	26
15	70	26	27
15	70	27	28
15	70	28	29
15	70	29	30
15	70	30	31
15	70	31	32
15	70	32	33
15	70	33	34
15	70	34	35
15	70	35	36
15	70	36	37
15	70	37	38
15	70	38	39
15	70	39	40
15	70	40	41
15	70	41	42
15	70	42	43
15	70	43	44
15	70	44	45
15	70	45	46
15	70	46	47
15	70	47	48
15	70	48	49
15	70	49	50
15	70	50	51
15	70	51	52
15	70	52	53
15	70	53	54
15	70	54	55
15	70	55	56
15	70	56	57
15	70	57	58
15	70	58	59
15	70	59	60
15	70	60	61
15	70	61	62
15	70	62	63
15	70	63	64
15	70	64	65
15	70	65	66
15	70	66	67
15	70	67	68
15	70	68	69
16	65	17	18
16	65	18	19
16	65	19	20
16	65	20	21
16	65	21	22
16	65	22	23
16	65	23	24
16	65	24	25
16	65	25	26
16	65	26	27
16	65	27	28
16	65	28	29
16	65	29	30
16	65	30	31
16	65	31	32
16	65	32	33
16	65	33	34
16	65	34	35
16	65	35	36
16	65	36	37
16	65	37	38
16	65	38	39
16	65	39	40
16	65	40	41
16	65	41	42
16	65	42	43
16	65	43	44
16	65	44	45
16	65	45	46
16	65	46	47
16	65	47	48
16	65	48	49
16	65	49	50
16	65	50	51
16	65	51	52
16	65	52	53
16	65	53	54
16	65	54	55
16	65	55	56
16	65	56	57
16	65	57	58
16	65	58	59
16	65	59	60
16	65	60	61
16	65	61	62
16	65	62	63
16	65	63	64
16	70	17	18
16	70	18	19
16	70	19	20
16	70	20	21
16	70	21	22
16	70	22	23
16	70	23	24
16	70	24	25
16	70	25	26
16	70	26	27
16	70	27	28
16	70	28	29
16	70	29	30
16	70	30	31
16	70	31	32
16	70	32	33
16	70	33	34
16	70	34	35
16	70	35	36
16	70	36	37
16	70	37	38
16	70	38	39
16	70	39	40
16	70	40	41
16	70	41	42
16	70	42	43
16	70	43	44
16	70	44	45
16	70	45	46
16	70	46	47
16	70	47	48
16	70	48	49
16	70	49	50
16	70	50	51
16	70	51	52
16	70	52	53
16	70	53	54
16	70	54	55
16	70	55	56
16	70	56	57
16	70	57	58
16	70	58	59
16	70	59	60
16	70	60	61
16	70	61	62
16	70	62	63
16	70	63	64
16	70	64	65
16	70	65	66
16	70	66	67
16	70	67	68
16	70	68	69
17	65	18	19
17	65	19	20
17	65	20	21
17	65	21	22
17	65	22	23
17	65	23	24
17	65	24	25
17	65	25	26
17	65	26	27
17	65	27	28
17	65	28	29
17	65	29	30
17	65	30	31
17	65	31	32
17	65	32	33
17	65	33	34
17	65	34	35
17	65	35	36
17	65	36	37
17	65	37	38
17	65	38	39
17	65	39	40
17	65	40	41
17	65	41	42
17	65	42	43
17	65	43	44
17	65	44	45
17	65	45	46
17	65	46	47
17	65	47	48
17	65	48	49
17	65	49	50
17	65	50	51
17	65	51	52
17	65	52	53
17	65	53	54
17	65	54	55
17	65	55	56
17	65	56	57
17	65	57	58
17	65	58	59
17	65	59	60
17	65	60	61
17	65	61	62
17	65	62	63
17	65	63	64
17	70	18	19
17	70	19	20
17	70	20	21
17	70	21	22
17	70	22	23
17	70	23	24
17	70	24	25
17	70	25	26
17	70	26	27
17	70	27	28
17	70	28	29
17	70	29	30
17	70	30	31
17	70	31	32
17	70	32	33
17	70	33	34
17	70	34	35
17	70	35	36
17	70	36	37
17	70	37	38
17	70	38	39
17	70	39	40
17	70	40	41
17	70	41	42
17	70	42	43
17	70	43	44
17	70	44	45
17	70	45	46
17	70	46	47
17	70	47	48
17	70	48	49
17	70	49	50
17	70	50	51
17	70	51	52
17	70	52	53
17	70	53	54
17	70	54	55
17	70	55	56
17	70	56	57
17	70	57	58
17	70	58	59
17	70	59	60
17	70	60	61
17	70	61	62
17	70	62	63
17	70	63	64
17	70	64	65
17	70	65	66
17	70	66	67
17	70	67	68
17	70	68	69
18	65	19	20
18	65	20	21
18	65	21	22
18	65	22	23
18	65	23	24
18	65	24	25
18	65	25	26
18	65	26	27
18	65	27	28
18	65	28	29
18	65	29	30
18	65	30	31
18	65	31	32
18	65	32	33
18	65	33	34
18	65	34	35
18	65	35	36
18	65	36	37
18	65	37	38
18	65	38	39
18	65	39	40
18	65	40	41
18	65	41	42
18	65	42	43
18	65	43	44
18	65	44	45
18	65	45	46
18	65	46	47
18	65	47	48
18	65	48	49
18	65	49	50
18	65	50	51
18	65	51	52
18	65	52	53
18	65	53	54
18	65	54	55
18	65	55	56
18	65	56	57
18	65	57	58
18	65	58	59
18	65	59	60
18	65	60	61
18	65	61	62
18	65	62	63
18	65	63	64
18	70	19	20
18	70	20	21
18	70	21	22
18	70	22	23
18	70	23	24
18	70	24	25
18	70	25	26
18	70	26	27
18	70	27	28
18	70	28	29
18	70	29	30
18	70	30	31
18	70	31	32
18	70	32	33
18	70	33	34
18	70	34	35
18	70	35	36
18	70	36	37
18	70	37	38
18	70	38	39
18	70	39	40
18	70	40	41
18	70	41	42
18	70	42	43
18	70	43	44
18	70	44	45
18	70	45	46
18	70	46	47
18	70	47	48
18	70	48	49
18	70	49	50
18	70	50	51
18	70	51	52
18	70	52	53
18	70	53	54
18	70	54	55
18	70	55	56
18	70	56	57
18	70	57	58
18	70	58	59
18	70	59	60
18	70	60	61
18	70	61	62
18	70	62	63
18	70	63	64
18	70	64	65
18	70	65	66
18	70	66	67
18	70	67	68
18	70	68	69
19	65	20	21
19	65	21	22
19	65	22	23
19	65	23	24
19	65	24	25
19	65	25	26
19	65	26	27
19	65	27	28
19	65	28	29
19	65	29	30
19	65	30	31
19	65	31	32
19	65	32	33
19	65	33	34
19	65	34	35
19	65	35	36
19	65	36	37
19	65	37	38
19	65	38	39
19	65	39	40
19	65	40	41
19	65	41	42
19	65	42	43
19	65	43	44
19	65	44	45
19	65	45	46
19	65	46	47
19	65	47	48
19	65	48	49
19	65	49	50
19	65	50	51
19	65	51	52
19	65	52	53
19	65	53	54
19	65	54	55
19	65	55	56
19	65	56	57
19	65	57	58
19	65	58	59
19	65	59	60
19	65	60	61
19	65	61	62
19	65	62	63
19	65	63	64
19	70	20	21
19	70	21	22
19	70	22	23
19	70	23	24
19	70	24	25
19	70	25	26
19	70	26	27
19	70	27	28
19	70	28	29
19	70	29	30
19	70	30	31
19	70	31	32
19	70	32	33
19	70	33	34
19	70	34	35
19	70	35	36
19	70	36	37
19	70	37	38
19	70	38	39
19	70	39	40
19	70	40	41
19	70	41	42
19	70	42	43
19	70	43	44
19	70	44	45
19	70	45	46
19	70	46	47
19	70	47	48
19	70	48	49
19	70	49	50
19	70	50	51
19	70	51	52
19	70	52	53
19	70	53	54
19	70	54	55
19	70	55	56
19	70	56	57
19	70	57	58
19	70	58	59
19	70	59	60
19	70	60	61
19	70	61	62
19	70	62	63
19	70	63	64
19	70	64	65
19	70	65	66
19	70	66	67
19	70	67	68
19	70	68	69
20	65	21	22
20	65	22	23
20	65	23	24
20	65	24	25
20	65	25	26
20	65	26	27
20	65	27	28
20	65	28	29
20	65	29	30
20	65	30	31
20	65	31	32
20	65	32	33
20	65	33	34
20	65	34	35
20	65	35	36
20	65	36	37
20	65	37	38
20	65	38	39
20	65	39	40
20	65	40	41
20	65	41	42
20	65	42	43
20	65	43	44
20	65	44	45
20	65	45	46
20	65	46	47
20	65	47	48
20	65	48	49
20	65	49	50
20	65	50	51
20	65	51	52
20	65	52	53
20	65	53	54
20	65	54	55
20	65	55	56
20	65	56	57
20	65	57	58
20	65	58	59
20	65	59	60
20	65	60	61
20	65	61	62
20	65	62	63
20	65	63	64
20	70	21	22
20	70	22	23
20	70	23	24
20	70	24	25
20	70	25	26
20	70	26	27
20	70	27	28
20	70	28	29
20	70	29	30
20	70	30	31
20	70	31	32
20	70	32	33
20	70	33	34
20	70	34	35
20	70	35	36
20	70	36	37
20	70	37	38
20	70	38	39
20	70	39	40
20	70	40	41
20	70	41	42
20	70	42	43
20	70	43	44
20	70	44	45
20	70	45	46
20	70	46	47
20	70	47	48
20	70	48	49
20	70	49	50
20	70	50	51
20	70	51	52
20	70	52	53
20	70	53	54
20	70	54	55
20	70	55	56
20	70	56	57
20	70	57	58
20	70	58	59
20	70	59	60
20	70	60	61
20	70	61	62
20	70	62	63
20	70	63	64
20	70	64	65
20	70	65	66
20	70	66	67
20	70	67	68
20	70	68	69
21	65	22	23
21	65	23	24
21	65	24	25
21	65	25	26
21	65	26	27
21	65	27	28
21	65	28	29
21	65	29	30
21	65	30	31
21	65	31	32
21	65	32	33
21	65	33	34
21	65	34	35
21	65	35	36
21	65	36	37
21	65	37	38
21	65	38	39
21	65	39	40
21	65	40	41
21	65	41	42
21	65	42	43
21	65	43	44
21	65	44	45
21	65	45	46
21	65	46	47
21	65	47	48
21	65	48	49
21	65	49	50
21	65	50	51
21	65	51	52
21	65	52	53
21	65	53	54
21	65	54	55
21	65	55	56
21	65	56	57
21	65	57	58
21	65	58	59
21	65	59	60
21	65	60	61
21	65	61	62
21	65	62	63
21	65	63	64
21	70	22	23
21	70	23	24
21	70	24	25
21	70	25	26
21	70	26	27
21	70	27	28
21	70	28	29
21	70	29	30
21	70	30	31
21	70	31	32
21	70	32	33
21	70	33	34
21	70	34	35
21	70	35	36
21	70	36	37
21	70	37	38
21	70	38	39
21	70	39	40
21	70	40	41
21	70	41	42
21	70	42	43
21	70	43	44
21	70	44	45
21	70	45	46
21	70	46	47
21	70	47	48
21	70	48	49
21	70	49	50
21	70	50	51
21	70	51	52
21	70	52	53
21	70	53	54
21	70	54	55
21	70	55	56
21	70	56	57
21	70	57	58
21	70	58	59
21	70	59	60
21	70	60	61
21	70	61	62
21	70	62	63
21	70	63	64
21	70	64	65
21	70	65	66
21	70	66	67
21	70	67	68
21	70	68	69
22	65	23	24
22	65	24	25
22	65	25	26
22	65	26	27
22	65	27	28
22	65	28	29
22	65	29	30
22	65	30	31
22	65	31	32
22	65	32	33
22	65	33	34
22	65	34	35
22	65	35	36
22	65	36	37
22	65	37	38
22	65	38	39
22	65	39	40
22	65	40	41
22	65	41	42
22	65	42	43
22	65	43	44
22	65	44	45
22	65	45	46
22	65	46	47
22	65	47	48
22	65	48	49
22	65	49	50
22	65	50	51
22	65	51	52
22	65	52	53
22	65	53	54
22	65	54	55
22	65	55	56
22	65	56	57
22	65	57	58
22	65	58	59
22	65	59	60
22	65	60	61
22	65	61	62
22	65	62	63
22	65	63	64
22	70	23	24
22	70	24	25
22	70	25	26
22	70	26	27
22	70	27	28
22	70	28	29
22	70	29	30
22	70	30	31
22	70	31	32
22	70	32	33
22	70	33	34
22	70	34	35
22	70	35	36
22	70	36	37
22	70	37	38
22	70	38	39
22	70	39	40
22	70	40	41
22	70	41	42
22	70	42	43
22	70	43	44
22	70	44	45
22	70	45	46
22	70	46	47
22	70	47	48
22	70	48	49
22	70	49	50
22	70	50	51
22	70	51	52
22	70	52	53
22	70	53	54
22	70	54	55
22	70	55	56
22	70	56	57
22	70	57	58
22	70	58	59
22	70	59	60
22	70	60	61
22	70	61	62
22	70	62	63
22	70	63	64
22	70	64	65
22	70	65	66
22	70	66	67
22	70	67	68
22	70	68	69
23	65	24	25
23	65	25	26
23	65	26	27
23	65	27	28
23	65	28	29
23	65	29	30
23	65	30	31
23	65	31	32
23	65	32	33
23	65	33	34
23	65	34	35
23	65	35	36
23	65	36	37
23	65	37	38
23	65	38	39
23	65	39	40
23	65	40	41
23	65	41	42
23	65	42	43
23	65	43	44
23	65	44	45
23	65	45	46
23	65	46	47
23	65	47	48
23	65	48	49
23	65	49	50
23	65	50	51
23	65	51	52
23	65	52	53
23	65	53	54
23	65	54	55
23	65	55	56
23	65	56	57
23	65	57	58
23	65	58	59
23	65	59	60
23	65	60	61
23	65	61	62
23	65	62	63
23	65	63	64
23	70	24	25
23	70	25	26
23	70	26	27
23	70	27	28
23	70	28	29
23	70	29	30
23	70	30	31
23	70	31	32
23	70	32	33
23	70	33	34
23	70	34	35
23	70	35	36
23	70	36	37
23	70	37	38
23	70	38	39
23	70	39	40
23	70	40	41
23	70	41	42
23	70	42	43
23	70	43	44
23	70	44	45
23	70	45	46
23	70	46	47
23	70	47	48
23	70	48	49
23	70	49	50
23	70	50	51
23	70	51	52
23	70	52	53
23	70	53	54
23	70	54	55
23	70	55	56
23	70	56	57
23	70	57	58
23	70	58	59
23	70	59	60
23	70	60	61
23	70	61	62
23	70	62	63
23	70	63	64
23	70	64	65
23	70	65	66
23	70	66	67
23	70	67	68
23	70	68	69
24	65	25	26
24	65	26	27
24	65	27	28
24	65	28	29
24	65	29	30
24	65	30	31
24	65	31	32
24	65	32	33
24	65	33	34
24	65	34	35
24	65	35	36
24	65	36	37
24	65	37	38
24	65	38	39
24	65	39	40
24	65	40	41
24	65	41	42
24	65	42	43
24	65	43	44
24	65	44	45
24	65	45	46
24	65	46	47
24	65	47	48
24	65	48	49
24	65	49	50
24	65	50	51
24	65	51	52
24	65	52	53
24	65	53	54
24	65	54	55
24	65	55	56
24	65	56	57
24	65	57	58
24	65	58	59
24	65	59	60
24	65	60	61
24	65	61	62
24	65	62	63
24	65	63	64
24	70	25	26
24	70	26	27
24	70	27	28
24	70	28	29
24	70	29	30
24	70	30	31
24	70	31	32
24	70	32	33
24	70	33	34
24	70	34	35
24	70	35	36
24	70	36	37
24	70	37	38
24	70	38	39
24	70	39	40
24	70	40	41
24	70	41	42
24	70	42	43
24	70	43	44
24	70	44	45
24	70	45	46
24	70	46	47
24	70	47	48
24	70	48	49
24	70	49	50
24	70	50	51
24	70	51	52
24	70	52	53
24	70	53	54
24	70	54	55
24	70	55	56
24	70	56	57
24	70	57	58
24	70	58	59
24	70	59	60
24	70	60	61
24	70	61	62
24	70	62	63
24	70	63	64
24	70	64	65
24	70	65	66
24	70	66	67
24	70	67	68
24	70	68	69
25	65	26	27
25	65	27	28
25	65	28	29
25	65	29	30
25	65	30	31
25	65	31	32
25	65	32	33
25	65	33	34
25	65	34	35
25	65	35	36
25	65	36	37
25	65	37	38
25	65	38	39
25	65	39	40
25	65	40	41
25	65	41	42
25	65	42	43
25	65	43	44
25	65	44	45
25	65	45	46
25	65	46	47
25	65	47	48
25	65	48	49
25	65	49	50
25	65	50	51
25	65	51	52
25	65	52	53
25	65	53	54
25	65	54	55
25	65	55	56
25	65	56	57
25	65	57	58
25	65	58	59
25	65	59	60
25	65	60	61
25	65	61	62
25	65	62	63
25	65	63	64
25	70	26	27
25	70	27	28
25	70	28	29
25	70	29	30
25	70	30	31
25	70	31	32
25	70	32	33
25	70	33	34
25	70	34	35
25	70	35	36
25	70	36	37
25	70	37	38
25	70	38	39
25	70	39	40
25	70	40	41
25	70	41	42
25	70	42	43
25	70	43	44
25	70	44	45
25	70	45	46
25	70	46	47
25	70	47	48
25	70	48	49
25	70	49	50
25	70	50	51
25	70	51	52
25	70	52	53
25	70	53	54
25	70	54	55
25	70	55	56
25	70	56	57
25	70	57	58
25	70	58	59
25	70	59	60
25	70	60	61
25	70	61	62
25	70	62	63
25	70	63	64
25	70	64	65
25	70	65	66
25	70	66	67
25	70	67	68
25	70	68	69
26	65	27	28
26	65	28	29
26	65	29	30
26	65	30	31
26	65	31	32
26	65	32	33
26	65	33	34
26	65	34	35
26	65	35	36
26	65	36	37
26	65	37	38
26	65	38	39
26	65	39	40
26	65	40	41
26	65	41	42
26	65	42	43
26	65	43	44
26	65	44	45
26	65	45	46
26	65	46	47
26	65	47	48
26	65	48	49
26	65	49	50
26	65	50	51
26	65	51	52
26	65	52	53
26	65	53	54
26	65	54	55
26	65	55	56
26	65	56	57
26	65	57	58
26	65	58	59
26	65	59	60
26	65	60	61
26	65	61	62
26	65	62	63
26	65	63	64
26	70	27	28
26	70	28	29
26	70	29	30
26	70	30	31
26	70	31	32
26	70	32	33
26	70	33	34
26	70	34	35
26	70	35	36
26	70	36	37
26	70	37	38
26	70	38	39
26	70	39	40
26	70	40	41
26	70	41	42
26	70	42	43
26	70	43	44
26	70	44	45
26	70	45	46
26	70	46	47
26	70	47	48
26	70	48	49
26	70	49	50
26	70	50	51
26	70	51	52
26	70	52	53
26	70	53	54
26	70	54	55
26	70	55	56
26	70	56	57
26	70	57	58
26	70	58	59
26	70	59	60
26	70	60	61
26	70	61	62
26	70	62	63
26	70	63	64
26	70	64	65
26	70	65	66
26	70	66	67
26	70	67	68
26	70	68	69
27	65	28	29
27	65	29	30
27	65	30	31
27	65	31	32
27	65	32	33
27	65	33	34
27	65	34	35
27	65	35	36
27	65	36	37
27	65	37	38
27	65	38	39
27	65	39	40
27	65	40	41
27	65	41	42
27	65	42	43
27	65	43	44
27	65	44	45
27	65	45	46
27	65	46	47
27	65	47	48
27	65	48	49
27	65	49	50
27	65	50	51
27	65	51	52
27	65	52	53
27	65	53	54
27	65	54	55
27	65	55	56
27	65	56	57
27	65	57	58
27	65	58	59
27	65	59	60
27	65	60	61
27	65	61	62
27	65	62	63
27	65	63	64
27	70	28	29
27	70	29	30
27	70	30	31
27	70	31	32
27	70	32	33
27	70	33	34
27	70	34	35
27	70	35	36
27	70	36	37
27	70	37	38
27	70	38	39
27	70	39	40
27	70	40	41
27	70	41	42
27	70	42	43
27	70	43	44
27	70	44	45
27	70	45	46
27	70	46	47
27	70	47	48
27	70	48	49
27	70	49	50
27	70	50	51
27	70	51	52
27	70	52	53
27	70	53	54
27	70	54	55
27	70	55	56
27	70	56	57
27	70	57	58
27	70	58	59
27	70	59	60
27	70	60	61
27	70	61	62
27	70	62	63
27	70	63	64
27	70	64	65
27	70	65	66
27	70	66	67
27	70	67	68
27	70	68	69
28	65	29	30
28	65	30	31
28	65	31	32
28	65	32	33
28	65	33	34
28	65	34	35
28	65	35	36
28	65	36	37
28	65	37	38
28	65	38	39
28	65	39	40
28	65	40	41
28	65	41	42
28	65	42	43
28	65	43	44
28	65	44	45
28	65	45	46
28	65	46	47
28	65	47	48
28	65	48	49
28	65	49	50
28	65	50	51
28	65	51	52
28	65	52	53
28	65	53	54
28	65	54	55
28	65	55	56
28	65	56	57
28	65	57	58
28	65	58	59
28	65	59	60
28	65	60	61
28	65	61	62
28	65	62	63
28	65	63	64
28	70	29	30
28	70	30	31
28	70	31	32
28	70	32	33
28	70	33	34
28	70	34	35
28	70	35	36
28	70	36	37
28	70	37	38
28	70	38	39
28	70	39	40
28	70	40	41
28	70	41	42
28	70	42	43
28	70	43	44
28	70	44	45
28	70	45	46
28	70	46	47
28	70	47	48
28	70	48	49
28	70	49	50
28	70	50	51
28	70	51	52
28	70	52	53
28	70	53	54
28	70	54	55
28	70	55	56
28	70	56	57
28	70	57	58
28	70	58	59
28	70	59	60
28	70	60	61
28	70	61	62
28	70	62	63
28	70	63	64
28	70	64	65
28	70	65	66
28	70	66	67
28	70	67	68
28	70	68	69
29	65	30	31
29	65	31	32
29	65	32	33
29	65	33	34
29	65	34	35
29	65	35	36
29	65	36	37
29	65	37	38
29	65	38	39
29	65	39	40
29	65	40	41
29	65	41	42
29	65	42	43
29	65	43	44
29	65	44	45
29	65	45	46
29	65	46	47
29	65	47	48
29	65	48	49
29	65	49	50
29	65	50	51
29	65	51	52
29	65	52	53
29	65	53	54
29	65	54	55
29	65	55	56
29	65	56	57
29	65	57	58
29	65	58	59
29	65	59	60
29	65	60	61
29	65	61	62
29	65	62	63
29	65	63	64
29	70	30	31
29	70	31	32
29	70	32	33
29	70	33	34
29	70	34	35
29	70	35	36
29	70	36	37
29	70	37	38
29	70	38	39
29	70	39	40
29	70	40	41
29	70	41	42
29	70	42	43
29	70	43	44
29	70	44	45
29	70	45	46
29	70	46	47
29	70	47	48
29	70	48	49
29	70	49	50
29	70	50	51
29	70	51	52
29	70	52	53
29	70	53	54
29	70	54	55
29	70	55	56
29	70	56	57
29	70	57	58
29	70	58	59
29	70	59	60
29	70	60	61
29	70	61	62
29	70	62	63
29	70	63	64
29	70	64	65
29	70	65	66
29	70	66	67
29	70	67	68
29	70	68	69
30	65	31	32
30	65	32	33
30	65	33	34
30	65	34	35
30	65	35	36
30	65	36	37
30	65	37	38
30	65	38	39
30	65	39	40
30	65	40	41
30	65	41	42
30	65	42	43
30	65	43	44
30	65	44	45
30	65	45	46
30	65	46	47
30	65	47	48
30	65	48	49
30	65	49	50
30	65	50	51
30	65	51	52
30	65	52	53
30	65	53	54
30	65	54	55
30	65	55	56
30	65	56	57
30	65	57	58
30	65	58	59
30	65	59	60
30	65	60	61
30	65	61	62
30	65	62	63
30	65	63	64
30	70	31	32
30	70	32	33
30	70	33	34
30	70	34	35
30	70	35	36
30	70	36	37
30	70	37	38
30	70	38	39
30	70	39	40
30	70	40	41
30	70	41	42
30	70	42	43
30	70	43	44
30	70	44	45
30	70	45	46
30	70	46	47
30	70	47	48
30	70	48	49
30	70	49	50
30	70	50	51
30	70	51	52
30	70	52	53
30	70	53	54
30	70	54	55
30	70	55	56
30	70	56	57
30	70	57	58
30	70	58	59
30	70	59	60
30	70	60	61
30	70	61	62
30	70	62	63
30	70	63	64
30	70	64	65
30	70	65	66
30	70	66	67
30	70	67	68
30	70	68	69
31	65	32	33
31	65	33	34
31	65	34	35
31	65	35	36
31	65	36	37
31	65	37	38
31	65	38	39
31	65	39	40
31	65	40	41
31	65	41	42
31	65	42	43
31	65	43	44
31	65	44	45
31	65	45	46
31	65	46	47
31	65	47	48
31	65	48	49
31	65	49	50
31	65	50	51
31	65	51	52
31	65	52	53
31	65	53	54
31	65	54	55
31	65	55	56
31	65	56	57
31	65	57	58
31	65	58	59
31	65	59	60
31	65	60	61
31	65	61	62
31	65	62	63
31	65	63	64
31	70	32	33
31	70	33	34
31	70	34	35
31	70	35	36
31	70	36	37
31	70	37	38
31	70	38	39
31	70	39	40
31	70	40	41
31	70	41	42
31	70	42	43
31	70	43	44
31	70	44	45
31	70	45	46
31	70	46	47
31	70	47	48
31	70	48	49
31	70	49	50
31	70	50	51
31	70	51	52
31	70	52	53
31	70	53	54
31	70	54	55
31	70	55	56
31	70	56	57
31	70	57	58
31	70	58	59
31	70	59	60
31	70	60	61
31	70	61	62
31	70	62	63
31	70	63	64
31	70	64	65
31	70	65	66
31	70	66	67
31	70	67	68
31	70	68	69
32	65	33	34
32	65	34	35
32	65	35	36
32	65	36	37
32	65	37	38
32	65	38	39
32	65	39	40
32	65	40	41
32	65	41	42
32	65	42	43
32	65	43	44
32	65	44	45
32	65	45	46
32	65	46	47
32	65	47	48
32	65	48	49
32	65	49	50
32	65	50	51
32	65	51	52
32	65	52	53
32	65	53	54
32	65	54	55
32	65	55	56
32	65	56	57
32	65	57	58
32	65	58	59
32	65	59	60
32	65	60	61
32	65	61	62
32	65	62	63
32	65	63	64
32	70	33	34
32	70	34	35
32	70	35	36
32	70	36	37
32	70	37	38
32	70	38	39
32	70	39	40
32	70	40	41
32	70	41	42
32	70	42	43
32	70	43	44
32	70	44	45
32	70	45	46
32	70	46	47
32	70	47	48
32	70	48	49
32	70	49	50
32	70	50	51
32	70	51	52
32	70	52	53
32	70	53	54
32	70	54	55
32	70	55	56
32	70	56	57
32	70	57	58
32	70	58	59
32	70	59	60
32	70	60	61
32	70	61	62
32	70	62	63
32	70	63	64
32	70	64	65
32	70	65	66
32	70	66	67
32	70	67	68
32	70	68	69
33	65	34	35
33	65	35	36
33	65	36	37
33	65	37	38
33	65	38	39
33	65	39	40
33	65	40	41
33	65	41	42
33	65	42	43
33	65	43	44
33	65	44	45
33	65	45	46
33	65	46	47
33	65	47	48
33	65	48	49
33	65	49	50
33	65	50	51
33	65	51	52
33	65	52	53
33	65	53	54
33	65	54	55
33	65	55	56
33	65	56	57
33	65	57	58
33	65	58	59
33	65	59	60
33	65	60	61
33	65	61	62
33	65	62	63
33	65	63	64
33	70	34	35
33	70	35	36
33	70	36	37
33	70	37	38
33	70	38	39
33	70	39	40
33	70	40	41
33	70	41	42
33	70	42	43
33	70	43	44
33	70	44	45
33	70	45	46
33	70	46	47
33	70	47	48
33	70	48	49
33	70	49	50
33	70	50	51
33	70	51	52
33	70	52	53
33	70	53	54
33	70	54	55
33	70	55	56
33	70	56	57
33	70	57	58
33	70	58	59
33	70	59	60
33	70	60	61
33	70	61	62
33	70	62	63
33	70	63	64
33	70	64	65
33	70	65	66
33	70	66	67
33	70	67	68
33	70	68	69
34	65	35	36
34	65	36	37
34	65	37	38
34	65	38	39
34	65	39	40
34	65	40	41
34	65	41	42
34	65	42	43
34	65	43	44
34	65	44	45
34	65	45	46
34	65	46	47
34	65	47	48
34	65	48	49
34	65	49	50
34	65	50	51
34	65	51	52
34	65	52	53
34	65	53	54
34	65	54	55
34	65	55	56
34	65	56	57
34	65	57	58
34	65	58	59
34	65	59	60
34	65	60	61
34	65	61	62
34	65	62	63
34	65	63	64
34	70	35	36
34	70	36	37
34	70	37	38
34	70	38	39
34	70	39	40
34	70	40	41
34	70	41	42
34	70	42	43
34	70	43	44
34	70	44	45
34	70	45	46
34	70	46	47
34	70	47	48
34	70	48	49
34	70	49	50
34	70	50	51
34	70	51	52
34	70	52	53
34	70	53	54
34	70	54	55
34	70	55	56
34	70	56	57
34	70	57	58
34	70	58	59
34	70	59	60
34	70	60	61
34	70	61	62
34	70	62	63
34	70	63	64
34	70	64	65
34	70	65	66
34	70	66	67
34	70	67	68
34	70	68	69
35	65	36	37
35	65	37	38
35	65	38	39
35	65	39	40
35	65	40	41
35	65	41	42
35	65	42	43
35	65	43	44
35	65	44	45
35	65	45	46
35	65	46	47
35	65	47	48
35	65	48	49
35	65	49	50
35	65	50	51
35	65	51	52
35	65	52	53
35	65	53	54
35	65	54	55
35	65	55	56
35	65	56	57
35	65	57	58
35	65	58	59
35	65	59	60
35	65	60	61
35	65	61	62
35	65	62	63
35	65	63	64
35	70	36	37
35	70	37	38
35	70	38	39
35	70	39	40
35	70	40	41
35	70	41	42
35	70	42	43
35	70	43	44
35	70	44	45
35	70	45	46
35	70	46	47
35	70	47	48
35	70	48	49
35	70	49	50
35	70	50	51
35	70	51	52
35	70	52	53
35	70	53	54
35	70	54	55
35	70	55	56
35	70	56	57
35	70	57	58
35	70	58	59
35	70	59	60
35	70	60	61
35	70	61	62
35	70	62	63
35	70	63	64
35	70	64	65
35	70	65	66
35	70	66	67
35	70	67	68
35	70	68	69
36	65	37	38
36	65	38	39
36	65	39	40
36	65	40	41
36	65	41	42
36	65	42	43
36	65	43	44
36	65	44	45
36	65	45	46
36	65	46	47
36	65	47	48
36	65	48	49
36	65	49	50
36	65	50	51
36	65	51	52
36	65	52	53
36	65	53	54
36	65	54	55
36	65	55	56
36	65	56	57
36	65	57	58
36	65	58	59
36	65	59	60
36	65	60	61
36	65	61	62
36	65	62	63
36	65	63	64
36	70	37	38
36	70	38	39
36	70	39	40
36	70	40	41
36	70	41	42
36	70	42	43
36	70	43	44
36	70	44	45
36	70	45	46
36	70	46	47
36	70	47	48
36	70	48	49
36	70	49	50
36	70	50	51
36	70	51	52
36	70	52	53
36	70	53	54
36	70	54	55
36	70	55	56
36	70	56	57
36	70	57	58
36	70	58	59
36	70	59	60
36	70	60	61
36	70	61	62
36	70	62	63
36	70	63	64
36	70	64	65
36	70	65	66
36	70	66	67
36	70	67	68
36	70	68	69
37	65	38	39
37	65	39	40
37	65	40	41
37	65	41	42
37	65	42	43
37	65	43	44
37	65	44	45
37	65	45	46
37	65	46	47
37	65	47	48
37	65	48	49
37	65	49	50
37	65	50	51
37	65	51	52
37	65	52	53
37	65	53	54
37	65	54	55
37	65	55	56
37	65	56	57
37	65	57	58
37	65	58	59
37	65	59	60
37	65	60	61
37	65	61	62
37	65	62	63
37	65	63	64
37	70	38	39
37	70	39	40
37	70	40	41
37	70	41	42
37	70	42	43
37	70	43	44
37	70	44	45
37	70	45	46
37	70	46	47
37	70	47	48
37	70	48	49
37	70	49	50
37	70	50	51
37	70	51	52
37	70	52	53
37	70	53	54
37	70	54	55
37	70	55	56
37	70	56	57
37	70	57	58
37	70	58	59
37	70	59	60
37	70	60	61
37	70	61	62
37	70	62	63
37	70	63	64
37	70	64	65
37	70	65	66
37	70	66	67
37	70	67	68
37	70	68	69
38	65	39	40
38	65	40	41
38	65	41	42
38	65	42	43
38	65	43	44
38	65	44	45
38	65	45	46
38	65	46	47
38	65	47	48
38	65	48	49
38	65	49	50
38	65	50	51
38	65	51	52
38	65	52	53
38	65	53	54
38	65	54	55
38	65	55	56
38	65	56	57
38	65	57	58
38	65	58	59
38	65	59	60
38	65	60	61
38	65	61	62
38	65	62	63
38	65	63	64
38	70	39	40
38	70	40	41
38	70	41	42
38	70	42	43
38	70	43	44
38	70	44	45
38	70	45	46
38	70	46	47
38	70	47	48
38	70	48	49
38	70	49	50
38	70	50	51
38	70	51	52
38	70	52	53
38	70	53	54
38	70	54	55
38	70	55	56
38	70	56	57
38	70	57	58
38	70	58	59
38	70	59	60
38	70	60	61
38	70	61	62
38	70	62	63
38	70	63	64
38	70	64	65
38	70	65	66
38	70	66	67
38	70	67	68
38	70	68	69
39	65	40	41
39	65	41	42
39	65	42	43
39	65	43	44
39	65	44	45
39	65	45	46
39	65	46	47
39	65	47	48
39	65	48	49
39	65	49	50
39	65	50	51
39	65	51	52
39	65	52	53
39	65	53	54
39	65	54	55
39	65	55	56
39	65	56	57
39	65	57	58
39	65	58	59
39	65	59	60
39	65	60	61
39	65	61	62
39	65	62	63
39	65	63	64
39	70	40	41
39	70	41	42
39	70	42	43
39	70	43	44
39	70	44	45
39	70	45	46
39	70	46	47
39	70	47	48
39	70	48	49
39	70	49	50
39	70	50	51
39	70	51	52
39	70	52	53
39	70	53	54
39	70	54	55
39	70	55	56
39	70	56	57
39	70	57	58
39	70	58	59
39	70	59	60
39	70	60	61
39	70	61	62
39	70	62	63
39	70	63	64
39	70	64	65
39	70	65	66
39	70	66	67
39	70	67	68
39	70	68	69
40	65	41	42
40	65	42	43
40	65	43	44
40	65	44	45
40	65	45	46
40	65	46	47
40	65	47	48
40	65	48	49
40	65	49	50
40	65	50	51
40	65	51	52
40	65	52	53
40	65	53	54
40	65	54	55
40	65	55	56
40	65	56	57
40	65	57	58
40	65	58	59
40	65	59	60
40	65	60	61
40	65	61	62
40	65	62	63
40	65	63	64
40	70	41	42
40	70	42	43
40	70	43	44
40	70	44	45
40	70	45	46
40	70	46	47
40	70	47	48
40	70	48	49
40	70	49	50
40	70	50	51
40	70	51	52
40	70	52	53
40	70	53	54
40	70	54	55
40	70	55	56
40	70	56	57
40	70	57	58
40	70	58	59
40	70	59	60
40	70	60	61
40	70	61	62
40	70	62	63
40	70	63	64
40	70	64	65
40	70	65	66
40	70	66	67
40	70	67	68
40	70	68	69
41	65	42	43
41	65	43	44
41	65	44	45
41	65	45	46
41	65	46	47
41	65	47	48
41	65	48	49
41	65	49	50
41	65	50	51
41	65	51	52
41	65	52	53
41	65	53	54
41	65	54	55
41	65	55	56
41	65	56	57
41	65	57	58
41	65	58	59
41	65	59	60
41	65	60	61
41	65	61	62
41	65	62	63
41	65	63	64
41	70	42	43
41	70	43	44
41	70	44	45
41	70	45	46
41	70	46	47
41	70	47	48
41	70	48	49
41	70	49	50
41	70	50	51
41	70	51	52
41	70	52	53
41	70	53	54
41	70	54	55
41	70	55	56
41	70	56	57
41	70	57	58
41	70	58	59
41	70	59	60
41	70	60	61
41	70	61	62
41	70	62	63
41	70	63	64
41	70	64	65
41	70	65	66
41	70	66	67
41	70	67	68
41	70	68	69
42	65	43	44
42	65	44	45
42	65	45	46
42	65	46	47
42	65	47	48
42	65	48	49
42	65	49	50
42	65	50	51
42	65	51	52
42	65	52	53
42	65	53	54
42	65	54	55
42	65	55	56
42	65	56	57
42	65	57	58
42	65	58	59
42	65	59	60
42	65	60	61
42	65	61	62
42	65	62	63
42	65	63	64
42	70	43	44
42	70	44	45
42	70	45	46
42	70	46	47
42	70	47	48
42	70	48	49
42	70	49	50
42	70	50	51
42	70	51	52
42	70	52	53
42	70	53	54
42	70	54	55
42	70	55	56
42	70	56	57
42	70	57	58
42	70	58	59
42	70	59	60
42	70	60	61
42	70	61	62
42	70	62	63
42	70	63	64
42	70	64	65
42	70	65	66
42	70	66	67
42	70	67	68
42	70	68	69
43	65	44	45
43	65	45	46
43	65	46	47
43	65	47	48
43	65	48	49
43	65	49	50
43	65	50	51
43	65	51	52
43	65	52	53
43	65	53	54
43	65	54	55
43	65	55	56
43	65	56	57
43	65	57	58
43	65	58	59
43	65	59	60
43	65	60	61
43	65	61	62
43	65	62	63
43	65	63	64
43	70	44	45
43	70	45	46
43	70	46	47
43	70	47	48
43	70	48	49
43	70	49	50
43	70	50	51
43	70	51	52
43	70	52	53
43	70	53	54
43	70	54	55
43	70	55	56
43	70	56	57
43	70	57	58
43	70	58	59
43	70	59	60
43	70	60	61
43	70	61	62
43	70	62	63
43	70	63	64
43	70	64	65
43	70	65	66
43	70	66	67
43	70	67	68
43	70	68	69
44	65	45	46
44	65	46	47
44	65	47	48
44	65	48	49
44	65	49	50
44	65	50	51
44	65	51	52
44	65	52	53
44	65	53	54
44	65	54	55
44	65	55	56
44	65	56	57
44	65	57	58
44	65	58	59
44	65	59	60
44	65	60	61
44	65	61	62
44	65	62	63
44	65	63	64
44	70	45	46
44	70	46	47
44	70	47	48
44	70	48	49
44	70	49	50
44	70	50	51
44	70	51	52
44	70	52	53
44	70	53	54
44	70	54	55
44	70	55	56
44	70	56	57
44	70	57	58
44	70	58	59
44	70	59	60
44	70	60	61
44	70	61	62
44	70	62	63
44	70	63	64
44	70	64	65
44	70	65	66
44	70	66	67
44	70	67	68
44	70	68	69
45	65	46	47
45	65	47	48
45	65	48	49
45	65	49	50
45	65	50	51
45	65	51	52
45	65	52	53
45	65	53	54
45	65	54	55
45	65	55	56
45	65	56	57
45	65	57	58
45	65	58	59
45	65	59	60
45	65	60	61
45	65	61	62
45	65	62	63
45	65	63	64
45	70	46	47
45	70	47	48
45	70	48	49
45	70	49	50
45	70	50	51
45	70	51	52
45	70	52	53
45	70	53	54
45	70	54	55
45	70	55	56
45	70	56	57
45	70	57	58
45	70	58	59
45	70	59	60
45	70	60	61
45	70	61	62
45	70	62	63
45	70	63	64
45	70	64	65
45	70	65	66
45	70	66	67
45	70	67	68
45	70	68	69
46	65	47	48
46	65	48	49
46	65	49	50
46	65	50	51
46	65	51	52
46	65	52	53
46	65	53	54
46	65	54	55
46	65	55	56
46	65	56	57
46	65	57	58
46	65	58	59
46	65	59	60
46	65	60	61
46	65	61	62
46	65	62	63
46	65	63	64
46	70	47	48
46	70	48	49
46	70	49	50
46	70	50	51
46	70	51	52
46	70	52	53
46	70	53	54
46	70	54	55
46	70	55	56
46	70	56	57
46	70	57	58
46	70	58	59
46	70	59	60
46	70	60	61
46	70	61	62
46	70	62	63
46	70	63	64
46	70	64	65
46	70	65	66
46	70	66	67
46	70	67	68
46	70	68	69
47	65	48	49
47	65	49	50
47	65	50	51
47	65	51	52
47	65	52	53
47	65	53	54
47	65	54	55
47	65	55	56
47	65	56	57
47	65	57	58
47	65	58	59
47	65	59	60
47	65	60	61
47	65	61	62
47	65	62	63
47	65	63	64
47	70	48	49
47	70	49	50
47	70	50	51
47	70	51	52
47	70	52	53
47	70	53	54
47	70	54	55
47	70	55	56
47	70	56	57
47	70	57	58
47	70	58	59
47	70	59	60
47	70	60	61
47	70	61	62
47	70	62	63
47	70	63	64
47	70	64	65
47	70	65	66
47	70	66	67
47	70	67	68
47	70	68	69
48	65	49	50
48	65	50	51
48	65	51	52
48	65	52	53
48	65	53	54
48	65	54	55
48	65	55	56
48	65	56	57
48	65	57	58
48	65	58	59
48	65	59	60
48	65	60	61
48	65	61	62
48	65	62	63
48	65	63	64
48	70	49	50
48	70	50	51
48	70	51	52
48	70	52	53
48	70	53	54
48	70	54	55
48	70	55	56
48	70	56	57
48	70	57	58
48	70	58	59
48	70	59	60
48	70	60	61
48	70	61	62
48	70	62	63
48	70	63	64
48	70	64	65
48	70	65	66
48	70	66	67
48	70	67	68
48	70	68	69
49	65	50	51
49	65	51	52
49	65	52	53
49	65	53	54
49	65	54	55
49	65	55	56
49	65	56	57
49	65	57	58
49	65	58	59
49	65	59	60
49	65	60	61
49	65	61	62
49	65	62	63
49	65	63	64
49	70	50	51
49	70	51	52
49	70	52	53
49	70	53	54
49	70	54	55
49	70	55	56
49	70	56	57
49	70	57	58
49	70	58	59
49	70	59	60
49	70	60	61
49	70	61	62
49	70	62	63
49	70	63	64
49	70	64	65
49	70	65	66
49	70	66	67
49	70	67	68
49	70	68	69
50	65	51	52
50	65	52	53
50	65	53	54
50	65	54	55
50	65	55	56
50	65	56	57
50	65	57	58
50	65	58	59
50	65	59	60
50	65	60	61
50	65	61	62
50	65	62	63
50	65	63	64
50	70	51	52
50	70	52	53
50	70	53	54
50	70	54	55
50	70	55	56
50	70	56	57
50	70	57	58
50	70	58	59
50	70	59	60
50	70	60	61
50	70	61	62
50	70	62	63
50	70	63	64
50	70	64	65
50	70	65	66
50	70	66	67
50	70	67	68
50	70	68	69
51	65	52	53
51	65	53	54
51	65	54	55
51	65	55	56
51	65	56	57
51	65	57	58
51	65	58	59
51	65	59	60
51	65	60	61
51	65	61	62
51	65	62	63
51	65	63	64
51	70	52	53
51	70	53	54
51	70	54	55
51	70	55	56
51	70	56	57
51	70	57	58
51	70	58	59
51	70	59	60
51	70	60	61
51	70	61	62
51	70	62	63
51	70	63	64
51	70	64	65
51	70	65	66
51	70	66	67
51	70	67	68
51	70	68	69
52	65	53	54
52	65	54	55
52	65	55	56
52	65	56	57
52	65	57	58
52	65	58	59
52	65	59	60
52	65	60	61
52	65	61	62
52	65	62	63
52	65	63	64
52	70	53	54
52	70	54	55
52	70	55	56
52	70	56	57
52	70	57	58
52	70	58	59
52	70	59	60
52	70	60	61
52	70	61	62
52	70	62	63
52	70	63	64
52	70	64	65
52	70	65	66
52	70	66	67
52	70	67	68
52	70	68	69
53	65	54	55
53	65	55	56
53	65	56	57
53	65	57	58
53	65	58	59
53	65	59	60
53	65	60	61
53	65	61	62
53	65	62	63
53	65	63	64
53	70	54	55
53	70	55	56
53	70	56	57
53	70	57	58
53	70	58	59
53	70	59	60
53	70	60	61
53	70	61	62
53	70	62	63
53	70	63	64
53	70	64	65
53	70	65	66
53	70	66	67
53	70	67	68
53	70	68	69
54	65	55	56
54	65	56	57
54	65	57	58
54	65	58	59
54	65	59	60
54	65	60	61
54	65	61	62
54	65	62	63
54	65	63	64
54	70	55	56
54	70	56	57
54	70	57	58
54	70	58	59
54	70	59	60
54	70	60	61
54	70	61	62
54	70	62	63
54	70	63	64
54	70	64	65
54	70	65	66
54	70	66	67
54	70	67	68
54	70	68	69
55	65	56	57
55	65	57	58
55	65	58	59
55	65	59	60
55	65	60	61
55	65	61	62
55	65	62	63
55	65	63	64
55	70	56	57
55	70	57	58
55	70	58	59
55	70	59	60
55	70	60	61
55	70	61	62
55	70	62	63
55	70	63	64
55	70	64	65
55	70	65	66
55	70	66	67
55	70	67	68
55	70	68	69
56	65	57	58
56	65	58	59
56	65	59	60
56	65	60	61
56	65	61	62
56	65	62	63
56	65	63	64
56	70	57	58
56	70	58	59
56	70	59	60
56	70	60	61
56	70	61	62
56	70	62	63
56	70	63	64
56	70	64	65
56	70	65	66
56	70	66	67
56	70	67	68
56	70	68	69
57	65	58	59
57	65	59	60
57	65	60	61
57	65	61	62
57	65	62	63
57	65	63	64
57	70	58	59
57	70	59	60
57	70	60	61
57	70	61	62
57	70	62	63
57	70	63	64
57	70	64	65
57	70	65	66
57	70	66	67
57	70	67	68
57	70	68	69
58	65	59	60
58	65	60	61
58	65	61	62
58	65	62	63
58	65	63	64
58	70	59	60
58	70	60	61
58	70	61	62
58	70	62	63
58	70	63	64
58	70	64	65
58	70	65	66
58	70	66	67
58	70	67	68
58	70	68	69
59	65	60	61
59	65	61	62
59	65	62	63
59	65	63	64
59	70	60	61
59	70	61	62
59	70	62	63
59	70	63	64
59	70	64	65
59	70	65	66
59	70	66	67
59	70	67	68
59	70	68	69
60	65	61	62
60	65	62	63
60	65	63	64
60	70	61	62
60	70	62	63
60	70	63	64
60	70	64	65
60	70	65	66
60	70	66	67
60	70	67	68
60	70	68	69
61	65	62	63
61	65	63	64
61	70	62	63
61	70	63	64
61	70	64	65
61	70	65	66
61	70	66	67
61	70	67	68
61	70	68	69
62	65	63	64
62	70	63	64
62	70	64	65
62	70	65	66
62	70	66	67
62	70	67	68
62	70	68	69
63	70	64	65
63	70	65	66
63	70	66	67
63	70	67	68
63	70	68	69
64	70	65	66
64	70	66	67
64	70	67	68
64	70	68	69
65	70	66	67
65	70	67	68
65	70	68	69
66	70	67	68
66	70	68	69
67	70	68	69
0
