             f;      Abs(Zm);     Std(Abs);      Phi(Zm);     Std(Phi);       Re(Zm);       Im(Zm);     Time [s]
4.5000000e+004;      12.2195;       0.0049;    -0.006721;     0.000259;      12.2192;      -0.0821;   3492681772
3.9810717e+004;      12.3341;       0.0021;    -0.036757;     0.000177;      12.3258;      -0.4533;   3492681774
3.1622777e+004;      12.6157;       0.0014;    -0.087254;     0.000136;      12.5677;      -1.0994;   3492681775
2.5118864e+004;      12.9644;       0.0002;    -0.131596;     0.000045;      12.8523;      -1.7011;   3492681777
1.9952623e+004;      13.3872;       0.0015;    -0.171400;     0.000028;      13.1911;      -2.2834;   3492681779
1.5848932e+004;      13.8720;       0.0015;    -0.207699;     0.000037;      13.5739;      -2.8605;   3492681781
1.2589254e+004;      14.4268;       0.0008;    -0.241058;     0.000052;      14.0096;      -3.4441;   3492681783
1.0000000e+004;      15.0652;       0.0006;    -0.272293;     0.000009;      14.5102;      -4.0516;   3492681784
7.9432823e+003;      15.7821;       0.0014;    -0.301923;     0.000028;      15.0682;      -4.6929;   3492681786
6.3095734e+003;      16.5906;       0.0009;    -0.330171;     0.000019;      15.6945;      -5.3787;   3492681788
5.0118723e+003;      17.5039;       0.0013;    -0.356930;     0.000034;      16.4007;      -6.1159;   3492681790
3.9810717e+003;      18.5525;       0.0013;    -0.382252;     0.000049;      17.2135;      -6.9203;   3492681792
3.1622777e+003;      19.7286;       0.0019;    -0.406149;     0.000046;      18.1237;      -7.7943;   3492681793
2.5118864e+003;      21.0410;       0.0019;    -0.428682;     0.000013;      19.1371;      -8.7462;   3492681795
1.9952623e+003;      22.5215;       0.0008;    -0.449436;     0.000064;      20.2849;      -9.7846;   3492681797
1.5848932e+003;      24.1935;       0.0022;    -0.467940;     0.000022;      21.5927;     -10.9125;   3492681799
1.2589254e+003;      26.0458;       0.0012;    -0.484509;     0.000046;      23.0480;     -12.1314;   3492681801
1.0000000e+003;      28.1401;       0.0026;    -0.498426;     0.000036;      24.7164;     -13.4522;   3492681802
7.9432823e+002;      30.4253;       0.0025;    -0.510421;     0.000025;      26.5472;     -14.8641;   3492681804
6.3095734e+002;      32.8667;       0.0023;    -0.521605;     0.000016;      28.4961;     -16.3766;   3492681806
5.0118723e+002;      35.7011;       0.0024;    -0.528349;     0.000021;      30.8329;     -17.9972;   3492681808
3.9810717e+002;      38.6852;       0.0017;    -0.535141;     0.000051;      33.2769;     -19.7280;   3492681810
3.1622777e+002;      41.7982;       0.0026;    -0.542348;     0.000005;      35.8002;     -21.5741;   3492681811
2.5118864e+002;      45.3889;       0.0014;    -0.545959;     0.000029;      38.7907;     -23.5676;   3492681813
1.9952623e+002;      49.3843;       0.0017;    -0.547670;     0.000017;      42.1614;     -25.7144;   3492681815
1.5848932e+002;      53.4161;       0.0013;    -0.552068;     0.000035;      45.4807;     -28.0140;   3492681817
1.2589254e+002;      57.8538;       0.0016;    -0.555218;     0.000016;      49.1633;     -30.4964;   3492681819
1.0000000e+002;      63.1124;       0.0024;    -0.553935;     0.000003;      53.6746;     -33.1995;   3492681820
7.9432823e+001;      68.3583;       0.0033;    -0.555893;     0.000024;      58.0656;     -36.0728;   3492681822
6.3095734e+001;      74.1205;       0.0003;    -0.556234;     0.000019;      62.9468;     -39.1350;   3492681824
5.0118723e+001;      80.7650;       0.0008;    -0.552491;     0.000012;      68.7488;     -42.3862;   3492681826
3.9810717e+001;      87.4869;       0.0006;    -0.550134;     0.000019;      74.5786;     -45.7383;   3492681828
3.1622777e+001;      94.7526;       0.0007;    -0.545664;     0.000004;      80.9929;     -49.1752;   3492681830
2.5118864e+001;     102.5399;       0.0003;    -0.539219;     0.000017;      87.9905;     -52.6508;   3492681831
1.9952623e+001;     110.8165;       0.0011;    -0.531102;     0.000008;      95.5515;     -56.1268;   3492681833
1.5848932e+001;     119.5393;       0.0036;    -0.521485;     0.000003;     103.6502;     -59.5507;   3492681835
1.2589254e+001;     128.6504;       0.0033;    -0.510598;     0.000006;     112.2413;     -62.8714;   3492681837
1.0000000e+001;     138.1116;       0.0028;    -0.498697;     0.000008;     121.2906;     -66.0563;   3492681839
7.9432820e+000;     147.8955;       0.0016;    -0.485924;     0.000014;     130.7756;     -69.0710;   3492681842
6.3095730e+000;     157.9659;       0.0092;    -0.472523;     0.000004;     140.6564;     -71.8957;   3492681844
5.0118720e+000;     168.2747;       0.0110;    -0.458719;     0.000016;     150.8786;     -74.5120;   3492681846
3.9810720e+000;     178.6745;       0.0168;    -0.444692;     0.000013;     161.2972;     -76.8621;   3492681849
3.1622780e+000;     189.3142;       0.0167;    -0.430752;     0.000045;     172.0208;     -79.0489;   3492681851
2.5118860e+000;     200.0414;       0.0274;    -0.416947;     0.000043;     182.9038;     -81.0109;   3492681854
1.9952620e+000;     210.7860;       0.0634;    -0.403574;     0.000070;     193.8521;     -82.7774;   3492681858
1.5848930e+000;     221.6507;       0.0581;    -0.390659;     0.000055;     204.9511;     -84.4040;   3492681862
1.2589250e+000;     232.5505;       0.0923;    -0.378376;     0.000055;     216.1012;     -85.9070;   3492681866
1.0000000e+000;     243.3367;       0.0692;    -0.367040;     0.000101;     227.1290;     -87.3224;   3492681871
7.9432800e-001;     254.2914;       0.1449;    -0.356365;     0.000031;     238.3145;     -88.7146;   3492681876
5.0118700e-001;     276.7676;       0.3077;    -0.338690;     0.000010;     261.0447;     -91.9565;   3492681884
3.1622800e-001;     299.3747;       0.3691;    -0.325249;     0.000166;     283.6787;     -95.6638;   3492681896
1.9952600e-001;     322.7156;       0.6695;    -0.315304;     0.000580;     306.8065;    -100.0750;   3492681912
1.2589300e-001;     347.2799;       1.1121;    -0.312768;     0.000646;     330.4315;    -106.8562;   3492681938
7.9433000e-002;     373.4658;       1.3525;    -0.310104;     0.002053;     355.6523;    -113.9603;   3492681981
5.0119000e-002;     400.5199;       1.3617;    -0.315575;     0.000980;     380.7419;    -124.3039;   3492682042
3.1623000e-002;     430.2765;       1.3440;    -0.320613;     0.003017;     408.3490;    -135.5933;   3492682141
1.9953000e-002;     464.5928;       2.5995;    -0.325608;     0.006278;     440.1744;    -148.5795;   3492682294
1.2589000e-002;     502.2828;       3.8031;    -0.334533;     0.007040;     474.4320;    -164.8549;   3492682537
6.3100000e-003;     569.8588;       6.1358;    -0.341685;     0.008544;     536.9116;    -190.8326;   3492683015
2.5120000e-003;     680.8417;       7.8354;    -0.341698;     0.007914;     641.4810;    -228.0107;   3492684213
1.0000000e-003;     789.2483;      10.0546;    -0.333334;     0.008868;     745.8042;    -258.0507;   3492687215
1.5850000e-003;     696.2624;       1.7037;    -0.361576;     0.001236;     651.2426;    -246.2985;   3492689109
3.9810000e-003;     553.1186;       4.3023;    -0.376441;     0.001739;     514.3924;    -203.3195;   3492689866
1.0000000e-002;     438.2323;       4.1378;    -0.376931;     0.000919;     407.4690;    -161.2954;   3492690167
1.5849000e-002;     394.7813;       2.1733;    -0.373997;     0.000671;     367.4923;    -144.2272;   3492690361
2.5119000e-002;     354.9726;       1.1448;    -0.367586;     0.001069;     331.2583;    -127.5663;   3492690482
3.9811000e-002;     320.4056;       0.3993;    -0.361819;     0.000937;     299.6602;    -113.4164;   3492690562
6.3096000e-002;     288.0555;       1.2020;    -0.357188;     0.001725;     269.8751;    -100.7121;   3492690614
1.0000000e-001;     261.6791;       0.4633;    -0.350591;     0.000750;     245.7608;     -89.8751;   3492690646
1.5848900e-001;     236.6657;       0.9012;    -0.348872;     0.001115;     222.4090;     -80.8994;   3492690670
2.5118900e-001;     215.8465;       0.1976;    -0.346840;     0.001031;     202.9928;     -73.3724;   3492690683
3.9810700e-001;     195.9707;       0.1725;    -0.348831;     0.000423;     184.1679;     -66.9829;   3492690693
6.3095700e-001;     178.3606;       0.1270;    -0.353599;     0.000187;     167.3258;     -61.7622;   3492690699
1.0000000e+000;     161.9289;       0.0932;    -0.360865;     0.000175;     151.4994;     -57.1744;   3492690704
1.5848930e+000;     146.8156;       0.0553;    -0.370822;     0.000103;     136.8365;     -53.2034;   3492690708
2.5118860e+000;     132.6719;       0.0311;    -0.382437;     0.000065;     123.0874;     -49.5108;   3492690711
3.9810720e+000;     119.3909;       0.0220;    -0.395034;     0.000046;     110.1958;     -45.9464;   3492690714
6.3095730e+000;     106.9761;       0.0053;    -0.408570;     0.000032;      98.1709;     -42.5013;   3492690716
1.0000000e+001;      95.3733;       0.0036;    -0.422539;     0.000021;      86.9853;     -39.1104;   3492690718
1.5848932e+001;      84.6435;       0.0013;    -0.436244;     0.000014;      76.7162;     -35.7651;   3492690720
2.5118864e+001;      74.7641;       0.0003;    -0.448889;     0.000015;      67.3572;     -32.4450;   3492690722
3.9810717e+001;      65.7935;       0.0005;    -0.458773;     0.000015;      58.9903;     -29.1366;   3492690724
6.3095734e+001;      57.3699;       0.0035;    -0.467484;     0.000043;      51.2144;     -25.8533;   3492690725
1.0000000e+002;      50.2522;       0.0027;    -0.469086;     0.000008;      44.8240;     -22.7176;   3492690727
1.5848932e+002;      43.5705;       0.0007;    -0.471762;     0.000006;      38.8112;     -19.8009;   3492690729
2.5118864e+002;      37.8917;       0.0021;    -0.470053;     0.000028;      33.7821;     -17.1624;   3492690731
3.9810717e+002;      33.0506;       0.0015;    -0.463345;     0.000022;      29.5659;     -14.7717;   3492690733
6.3095734e+002;      28.6458;       0.0014;    -0.454844;     0.000041;      25.7334;     -12.5848;   3492690734
1.0000000e+003;      25.0205;       0.0018;    -0.436869;     0.000080;      22.6706;     -10.5863;   3492690736
1.5848932e+003;      21.8911;       0.0010;    -0.412647;     0.000037;      20.0536;      -8.7791;   3492690738
2.5118864e+003;      19.3440;       0.0005;    -0.380004;     0.000043;      17.9641;      -7.1752;   3492690740
3.9810717e+003;      17.2868;       0.0023;    -0.340290;     0.000052;      16.2955;      -5.7696;   3492690742
6.3095734e+003;      15.6291;       0.0016;    -0.294711;     0.000006;      14.9552;      -4.5397;   3492690743
1.0000000e+004;      14.3070;       0.0005;    -0.242777;     0.000080;      13.8875;      -3.4394;   3492690745
1.5848932e+004;      13.2781;       0.0010;    -0.183300;     0.000035;      13.0557;      -2.4203;   3492690747
2.5118864e+004;      12.4944;       0.0016;    -0.112057;     0.000059;      12.4161;      -1.3972;   3492690749
3.9810717e+004;      11.9467;       0.0006;    -0.022639;     0.000348;      11.9436;      -0.2704;   3492690751

             f;     Abs(Z12);     Phi(Z12);     Abs(Z34);     Phi(Z34);     Abs(Z14);     Phi(Z14);     Time [s]
4.5000000e+004;    1425.4431;    -0.002845;    1352.8153;    -0.025052;    2790.3064;    -0.013628;   3492681772
3.9810717e+004;    1427.3746;    -0.004477;    1354.0576;    -0.024035;    2793.6302;    -0.014099;   3492681774
3.1622777e+004;    1430.7366;    -0.007231;    1356.5401;    -0.022538;    2799.7778;    -0.015007;   3492681775
2.5118864e+004;    1433.9697;    -0.009704;    1359.1895;    -0.021536;    2805.9879;    -0.015997;   3492681777
1.9952623e+004;    1437.2039;    -0.012007;    1362.0045;    -0.020942;    2812.4079;    -0.017090;   3492681779
1.5848932e+004;    1440.5787;    -0.014211;    1365.0133;    -0.020692;    2819.1999;    -0.018295;   3492681781
1.2589254e+004;    1444.2041;    -0.016363;    1368.1956;    -0.020731;    2826.4657;    -0.019615;   3492681783
1.0000000e+004;    1448.1224;    -0.018492;    1371.5795;    -0.021014;    2834.2894;    -0.021047;   3492681784
7.9432823e+003;    1452.3616;    -0.020619;    1375.1849;    -0.021502;    2842.7133;    -0.022587;   3492681786
6.3095734e+003;    1456.9843;    -0.022760;    1379.0543;    -0.022168;    2851.8543;    -0.024234;   3492681788
5.0118723e+003;    1461.9987;    -0.024932;    1383.1621;    -0.022971;    2861.7079;    -0.025978;   3492681790
3.9810717e+003;    1467.4438;    -0.027150;    1387.5540;    -0.023890;    2872.3862;    -0.027821;   3492681792
3.1622777e+003;    1473.3317;    -0.029428;    1392.2493;    -0.024894;    2883.9120;    -0.029756;   3492681793
2.5118864e+003;    1479.6942;    -0.031782;    1397.2319;    -0.025950;    2896.3077;    -0.031777;   3492681795
1.9952623e+003;    1486.5224;    -0.034223;    1402.4776;    -0.027048;    2909.5719;    -0.033887;   3492681797
1.5848932e+003;    1493.8896;    -0.036766;    1407.9771;    -0.028158;    2923.7944;    -0.036079;   3492681799
1.2589254e+003;    1501.8062;    -0.039420;    1413.7272;    -0.029300;    2938.9708;    -0.038368;   3492681801
1.0000000e+003;    1510.2242;    -0.042194;    1419.6785;    -0.030473;    2955.0701;    -0.040759;   3492681802
7.9432823e+002;    1519.2734;    -0.045108;    1425.8176;    -0.031702;    2972.1584;    -0.043270;   3492681804
6.3095734e+002;    1529.0443;    -0.048181;    1432.1482;    -0.033026;    2990.2874;    -0.045934;   3492681806
5.0118723e+002;    1539.1794;    -0.051433;    1438.6362;    -0.034472;    3009.3366;    -0.048771;   3492681808
3.9810717e+002;    1550.1254;    -0.054897;    1445.3501;    -0.036092;    3029.5435;    -0.051825;   3492681810
3.1622777e+002;    1562.0702;    -0.058597;    1452.3098;    -0.037933;    3051.0904;    -0.055133;   3492681811
2.5118864e+002;    1574.3934;    -0.062572;    1459.5160;    -0.040044;    3073.7500;    -0.058739;   3492681813
1.9952623e+002;    1587.3694;    -0.066854;    1466.9992;    -0.042482;    3097.7450;    -0.062687;   3492681815
1.5848932e+002;    1601.7141;    -0.071468;    1474.9293;    -0.045310;    3123.5346;    -0.067023;   3492681817
1.2589254e+002;    1616.8669;    -0.076446;    1483.2996;    -0.048599;    3150.9742;    -0.071797;   3492681819
1.0000000e+002;    1632.3628;    -0.081834;    1492.1314;    -0.052431;    3180.0943;    -0.077065;   3492681820
7.9432823e+001;    1649.7439;    -0.087643;    1501.7245;    -0.056897;    3211.7954;    -0.082875;   3492681822
6.3095734e+001;    1668.2659;    -0.093922;    1512.1120;    -0.062060;    3245.9853;    -0.089266;   3492681824
5.0118723e+001;    1687.4239;    -0.100663;    1523.4077;    -0.068100;    3282.7155;    -0.096296;   3492681826
3.9810717e+001;    1708.8944;    -0.107916;    1535.9208;    -0.075035;    3323.0817;    -0.103988;   3492681828
3.1622777e+001;    1731.8351;    -0.115639;    1549.8123;    -0.083030;    3366.9674;    -0.112364;   3492681830
2.5118864e+001;    1756.4914;    -0.123903;    1565.2794;    -0.092100;    3414.8125;    -0.121443;   3492681831
1.9952623e+001;    1782.8496;    -0.132566;    1582.6163;    -0.102399;    3466.8809;    -0.131201;   3492681833
1.5848932e+001;    1811.0852;    -0.141742;    1601.9023;    -0.113823;    3523.3866;    -0.141627;   3492681835
1.2589254e+001;    1840.9730;    -0.151332;    1623.2862;    -0.126356;    3584.1927;    -0.152641;   3492681837
1.0000000e+001;    1872.5010;    -0.161411;    1646.6983;    -0.139751;    3649.1568;    -0.164162;   3492681839
7.9432820e+000;    1904.5157;    -0.171370;    1672.4248;    -0.154153;    3717.3702;    -0.175934;   3492681842
6.3095730e+000;    1936.8628;    -0.181360;    1700.0247;    -0.168735;    3788.1445;    -0.187666;   3492681844
5.0118720e+000;    1968.7487;    -0.190980;    1729.1223;    -0.182882;    3860.2144;    -0.198885;   3492681846
3.9810720e+000;    1999.4938;    -0.199821;    1759.3875;    -0.196015;    3932.3834;    -0.209133;   3492681849
3.1622780e+000;    2029.0374;    -0.207909;    1790.2780;    -0.207588;    4004.1610;    -0.218215;   3492681851
2.5118860e+000;    2057.9077;    -0.215481;    1821.1347;    -0.217338;    4075.2660;    -0.226133;   3492681854
1.9952620e+000;    2085.8760;    -0.223056;    1852.3773;    -0.225484;    4145.8249;    -0.233269;   3492681858
1.5848930e+000;    2115.5247;    -0.230116;    1882.4795;    -0.232644;    4216.9901;    -0.239647;   3492681862
1.2589250e+000;    2145.5897;    -0.237741;    1912.3218;    -0.239243;    4288.3106;    -0.246012;   3492681866
1.0000000e+000;    2175.3463;    -0.247022;    1943.7755;    -0.245159;    4360.7794;    -0.252873;   3492681871
7.9432800e-001;    2209.6421;    -0.255528;    1973.6380;    -0.252767;    4436.3179;    -0.260070;   3492681876
5.0118700e-001;    2279.3653;    -0.277723;    2042.3264;    -0.266626;    4597.8231;    -0.276461;   3492681884
3.1622800e-001;    2361.8324;    -0.302428;    2120.2269;    -0.286131;    4781.1548;    -0.296630;   3492681896
1.9952600e-001;    2473.5432;    -0.319470;    2203.5042;    -0.317674;    4999.7593;    -0.318410;   3492681912
1.2589300e-001;    2570.9248;    -0.342020;    2332.1011;    -0.340446;    5250.1725;    -0.339386;   3492681938
7.9433000e-002;    2700.8985;    -0.350307;    2440.5602;    -0.368467;    5514.2964;    -0.355621;   3492681981
5.0119000e-002;    2810.2903;    -0.363398;    2547.5804;    -0.391201;    5757.1795;    -0.372373;   3492682042
3.1623000e-002;    2929.3959;    -0.376861;    2678.1981;    -0.402810;    6036.4540;    -0.384364;   3492682141
1.9953000e-002;    3068.5120;    -0.391414;    2841.3648;    -0.402892;    6373.2567;    -0.391732;   3492682294
1.2589000e-002;    3221.2681;    -0.407531;    3015.8937;    -0.403943;    6738.2262;    -0.400481;   3492682537
6.3100000e-003;    3543.1404;    -0.430181;    3349.4720;    -0.413630;    7460.4830;    -0.415986;   3492683015
2.5120000e-003;    4289.4079;    -0.406249;    4072.6482;    -0.409450;    9041.4612;    -0.402820;   3492684213
1.0000000e-003;    4916.0849;    -0.310670;    4669.0015;    -0.318926;   10374.0668;    -0.316093;   3492687215
1.5850000e-003;    4508.7902;    -0.345597;    4204.0784;    -0.373717;    9408.2680;    -0.359343;   3492689109
3.9810000e-003;    3708.6861;    -0.407585;    3395.7208;    -0.456049;    7654.6849;    -0.426825;   3492689866
1.0000000e-002;    3063.9462;    -0.408524;    2680.9331;    -0.458109;    6180.7436;    -0.427784;   3492690167
1.5849000e-002;    2866.7157;    -0.405034;    2525.7875;    -0.442078;    5785.9324;    -0.419084;   3492690361
2.5119000e-002;    2714.5967;    -0.392583;    2394.1484;    -0.424423;    5462.8081;    -0.404912;   3492690482
3.9811000e-002;    2600.6967;    -0.374994;    2317.2896;    -0.395209;    5238.0637;    -0.383131;   3492690562
6.3096000e-002;    2478.2529;    -0.357946;    2258.3128;    -0.360384;    5024.6164;    -0.358997;   3492690614
1.0000000e-001;    2409.8141;    -0.331327;    2195.4397;    -0.320116;    4866.7856;    -0.327306;   3492690646
1.5848900e-001;    2341.8143;    -0.300863;    2096.7238;    -0.291585;    4674.8477;    -0.299131;   3492690670
2.5118900e-001;    2232.8680;    -0.281994;    2024.7527;    -0.251450;    4472.3248;    -0.271295;   3492690683
3.9810700e-001;    2175.0720;    -0.249252;    1935.0258;    -0.233100;    4304.8613;    -0.246518;   3492690693
6.3095700e-001;    2092.9739;    -0.228911;    1862.5014;    -0.213225;    4132.2280;    -0.227209;   3492690699
1.0000000e+000;    2027.5749;    -0.209695;    1796.9293;    -0.201048;    3984.5291;    -0.211916;   3492690704
1.5848930e+000;    1966.0943;    -0.197057;    1739.5774;    -0.188343;    3850.2239;    -0.199713;   3492690708
2.5118860e+000;    1911.2266;    -0.186199;    1687.3616;    -0.174547;    3728.6044;    -0.187864;   3492690711
3.9810720e+000;    1860.4755;    -0.174377;    1639.4759;    -0.160182;    3616.2834;    -0.175168;   3492690714
6.3095730e+000;    1811.1993;    -0.161619;    1595.0238;    -0.143293;    3509.6873;    -0.160742;   3492690716
1.0000000e+001;    1762.5420;    -0.147139;    1554.2956;    -0.125213;    3408.2531;    -0.144750;   3492690718
1.5848932e+001;    1715.3750;    -0.131398;    1518.2066;    -0.106794;    3313.8845;    -0.127793;   3492690720
2.5118864e+001;    1671.0532;    -0.115342;    1487.4922;    -0.088881;    3228.7026;    -0.110734;   3492690722
3.9810717e+001;    1630.9688;    -0.099900;    1462.3408;    -0.072818;    3154.4184;    -0.094672;   3492690724
6.3095734e+001;    1596.3994;    -0.085645;    1442.0823;    -0.059411;    3091.2674;    -0.080324;   3492690725
1.0000000e+002;    1566.1391;    -0.072958;    1425.4769;    -0.048844;    3037.5993;    -0.068026;   3492690727
1.5848932e+002;    1541.1133;    -0.061957;    1411.5890;    -0.040833;    2992.3760;    -0.057794;   3492690729
2.5118864e+002;    1519.5927;    -0.052645;    1399.4381;    -0.034891;    2953.4639;    -0.049434;   3492690731
3.9810717e+002;    1501.1128;    -0.044902;    1388.4720;    -0.030464;    2919.6466;    -0.042635;   3492690733
6.3095734e+002;    1485.5791;    -0.038538;    1378.4780;    -0.027067;    2890.1687;    -0.037075;   3492690734
1.0000000e+003;    1471.8458;    -0.033321;    1369.2485;    -0.024376;    2864.0512;    -0.032475;   3492690736
1.5848932e+003;    1459.8950;    -0.028999;    1360.7650;    -0.022175;    2840.9283;    -0.028615;   3492690738
2.5118864e+003;    1449.2319;    -0.025318;    1352.9666;    -0.020344;    2820.3217;    -0.025314;   3492690740
3.9810717e+003;    1439.6783;    -0.022026;    1345.9046;    -0.018835;    2801.9949;    -0.022424;   3492690742
6.3095734e+003;    1431.1335;    -0.018890;    1339.5687;    -0.017728;    2785.7410;    -0.019859;   3492690743
1.0000000e+004;    1423.5312;    -0.015702;    1333.9062;    -0.017184;    2771.3805;    -0.017577;   3492690745
1.5848932e+004;    1416.7932;    -0.012281;    1328.8379;    -0.017426;    2758.7130;    -0.015579;   3492690747
2.5118864e+004;    1410.6605;    -0.008407;    1324.2297;    -0.018780;    2747.2874;    -0.013877;   3492690749
3.9810717e+004;    1404.3943;    -0.003631;    1320.0796;    -0.021713;    2736.3087;    -0.012437;   3492690751

             f;          Ug1;          Ug2;          Ug3;          Ug4;     Time [s];
4.5000000e+004;     0.006158;     0.136483;    -0.163015;     0.001214;   3492681772
3.9810717e+004;     0.006153;     0.136209;    -0.163242;     0.001119;   3492681774
3.1622777e+004;     0.006205;     0.135993;    -0.163412;     0.001065;   3492681775
2.5118864e+004;     0.006208;     0.135783;    -0.163588;     0.001014;   3492681777
1.9952623e+004;     0.006261;     0.135638;    -0.163729;     0.000984;   3492681779
1.5848932e+004;     0.006276;     0.135473;    -0.163865;     0.000950;   3492681781
1.2589254e+004;     0.006227;     0.135295;    -0.164033;     0.000916;   3492681783
1.0000000e+004;     0.006290;     0.135191;    -0.164121;     0.000909;   3492681784
7.9432823e+003;     0.006329;     0.135079;    -0.164222;     0.000896;   3492681786
6.3095734e+003;     0.006297;     0.134937;    -0.164356;     0.000878;   3492681788
5.0118723e+003;     0.006276;     0.134808;    -0.164484;     0.000856;   3492681790
3.9810717e+003;     0.006256;     0.134681;    -0.164601;     0.000843;   3492681792
3.1622777e+003;     0.006223;     0.134528;    -0.164725;     0.000824;   3492681793
2.5118864e+003;     0.006271;     0.134421;    -0.164793;     0.000827;   3492681795
1.9952623e+003;     0.006213;     0.134087;    -0.164931;     0.000801;   3492681797
1.5848932e+003;     0.006265;     0.134149;    -0.165010;     0.000811;   3492681799
1.2589254e+003;     0.006218;     0.133980;    -0.165150;     0.000797;   3492681801
1.0000000e+003;     0.006245;     0.133867;    -0.165311;     0.000797;   3492681802
7.9432823e+002;     0.006227;     0.133679;    -0.165484;     0.000794;   3492681804
6.3095734e+002;     0.006173;     0.133367;    -0.165662;     0.000780;   3492681806
5.0118723e+002;     0.006226;     0.133200;    -0.165980;     0.000790;   3492681808
3.9810717e+002;     0.006208;     0.132828;    -0.166351;     0.000768;   3492681810
3.1622777e+002;     0.006231;     0.132244;    -0.166652;     0.000778;   3492681811
2.5118864e+002;     0.006191;     0.131630;    -0.167328;     0.000766;   3492681813
1.9952623e+002;     0.006187;     0.130868;    -0.168298;     0.000769;   3492681815
1.5848932e+002;     0.006221;     0.129587;    -0.169288;     0.000756;   3492681817
1.2589254e+002;     0.006218;     0.127932;    -0.170745;     0.000782;   3492681819
1.0000000e+002;     0.006153;     0.125967;    -0.173159;     0.000770;   3492681820
7.9432823e+001;     0.006182;     0.123022;    -0.175811;     0.000800;   3492681822
6.3095734e+001;     0.006159;     0.119087;    -0.179506;     0.000729;   3492681824
5.0118723e+001;     0.006079;     0.114505;    -0.184697;     0.000863;   3492681826
3.9810717e+001;     0.006024;     0.108036;    -0.190833;     0.000759;   3492681828
3.1622777e+001;     0.006037;     0.100213;    -0.198443;     0.000786;   3492681830
2.5118864e+001;     0.006080;     0.090681;    -0.207781;     0.000741;   3492681831
1.9952623e+001;     0.006080;     0.079607;    -0.218808;     0.000928;   3492681833
1.5848932e+001;     0.006044;     0.066702;    -0.231689;     0.001041;   3492681835
1.2589254e+001;     0.005997;     0.052129;    -0.246262;     0.001162;   3492681837
1.0000000e+001;     0.006039;     0.035819;    -0.262502;     0.000981;   3492681839
7.9432820e+000;     0.006011;     0.018821;    -0.279648;     0.001323;   3492681842
6.3095730e+000;     0.006024;     0.000874;    -0.297657;     0.001278;   3492681844
5.0118720e+000;     0.006041;    -0.017353;    -0.315864;     0.000925;   3492681846
3.9810720e+000;     0.006077;    -0.034639;    -0.333225;     0.000741;   3492681849
3.1622780e+000;     0.006029;    -0.050425;    -0.349101;     0.000774;   3492681851
2.5118860e+000;     0.006095;    -0.064494;    -0.363313;     0.000849;   3492681854
1.9952620e+000;     0.005967;    -0.076038;    -0.375328;     0.001954;   3492681858
1.5848930e+000;     0.006088;    -0.088904;    -0.387839;     0.000079;   3492681862
1.2589250e+000;     0.006186;    -0.099404;    -0.398278;    -0.000636;   3492681866
1.0000000e+000;     0.006078;    -0.107095;    -0.406606;     0.001105;   3492681871
7.9432800e-001;     0.006118;    -0.117081;    -0.416352;    -0.000389;   3492681876
5.0118700e-001;     0.005854;    -0.127743;    -0.428380;     0.003622;   3492681884
3.1622800e-001;     0.005729;    -0.144034;    -0.445992;     0.005618;   3492681896
1.9952600e-001;     0.006198;    -0.170028;    -0.470143;    -0.002330;   3492681912
1.2589300e-001;     0.005539;    -0.187080;    -0.491096;     0.006925;   3492681938
7.9433000e-002;     0.005982;    -0.197961;    -0.502857;    -0.000400;   3492681981
5.0119000e-002;     0.006055;    -0.183218;    -0.489095;    -0.001342;   3492682042
3.1623000e-002;     0.005825;    -0.154584;    -0.462549;     0.001456;   3492682141
1.9953000e-002;     0.005473;    -0.116483;    -0.426313;     0.005939;   3492682294
1.2589000e-002;     0.005277;    -0.065822;    -0.379530;     0.008270;   3492682537
6.3100000e-003;     0.005167;     0.019426;    -0.299255;     0.010397;   3492683015
2.5120000e-003;     0.005336;     0.077795;    -0.241123;     0.006153;   3492684213
1.0000000e-003;     0.005339;     0.047859;    -0.274574;     0.005252;   3492687215
1.5850000e-003;     0.005823;     0.032836;    -0.285324;    -0.001730;   3492689109
3.9810000e-003;     0.006412;     0.031504;    -0.291458;    -0.009553;   3492689866
1.0000000e-002;     0.006928;    -0.017549;    -0.342928;    -0.018126;   3492690167
1.5849000e-002;     0.006549;    -0.064964;    -0.391969;    -0.014001;   3492690361
2.5119000e-002;     0.006446;    -0.105409;    -0.433234;    -0.012948;   3492690482
3.9811000e-002;     0.006228;    -0.147101;    -0.476633;    -0.009840;   3492690562
6.3096000e-002;     0.005354;    -0.173736;    -0.506920;     0.003040;   3492690614
1.0000000e-001;     0.005407;    -0.207203;    -0.543684;     0.002134;   3492690646
1.5848900e-001;     0.006147;    -0.226925;    -0.563232;    -0.010381;   3492690670
2.5118900e-001;     0.005094;    -0.222497;    -0.562388;     0.007944;   3492690683
3.9810700e-001;     0.006136;    -0.233255;    -0.571405;    -0.009534;   3492690693
6.3095700e-001;     0.005732;    -0.222079;    -0.561421;    -0.002326;   3492690699
1.0000000e+000;     0.005955;    -0.217874;    -0.556667;    -0.006149;   3492690704
1.5848930e+000;     0.005714;    -0.205476;    -0.544561;    -0.002147;   3492690708
2.5118860e+000;     0.005479;    -0.191188;    -0.530618;     0.001233;   3492690711
3.9810720e+000;     0.005505;    -0.175774;    -0.514649;     0.000521;   3492690714
6.3095730e+000;     0.005482;    -0.157173;    -0.495700;     0.001572;   3492690716
1.0000000e+001;     0.005414;    -0.137438;    -0.475559;     0.002402;   3492690718
1.5848932e+001;     0.005444;    -0.118448;    -0.455866;     0.002146;   3492690720
2.5118864e+001;     0.005514;    -0.101933;    -0.438764;     0.002041;   3492690722
3.9810717e+001;     0.005558;    -0.088659;    -0.425031;     0.001658;   3492690724
6.3095734e+001;     0.005638;    -0.078033;    -0.413356;     0.001379;   3492690725
1.0000000e+002;     0.005678;    -0.069484;    -0.404755;     0.001321;   3492690727
1.5848932e+002;     0.005683;    -0.062236;    -0.396758;     0.001198;   3492690729
2.5118864e+002;     0.005645;    -0.056141;    -0.390334;     0.001082;   3492690731
3.9810717e+002;     0.005620;    -0.050786;    -0.384847;     0.000984;   3492690733
6.3095734e+002;     0.005689;    -0.045924;    -0.379546;     0.000938;   3492690734
1.0000000e+003;     0.005678;    -0.041614;    -0.375107;     0.000881;   3492690736
1.5848932e+003;     0.005721;    -0.037607;    -0.370846;     0.000858;   3492690738
2.5118864e+003;     0.005662;    -0.033980;    -0.367013;     0.000799;   3492690740
3.9810717e+003;     0.005697;    -0.030568;    -0.363400;     0.000775;   3492690742
6.3095734e+003;     0.005744;    -0.027369;    -0.360007;     0.000756;   3492690743
1.0000000e+004;     0.005728;    -0.024415;    -0.356873;     0.000730;   3492690745
1.5848932e+004;     0.005731;    -0.021630;    -0.353918;     0.000711;   3492690747
2.5118864e+004;     0.005650;    -0.019043;    -0.351169;     0.000693;   3492690749
3.9810717e+004;     0.005623;    -0.016564;    -0.348549;     0.000678;   3492690751

             f;          Us1;          Us2;          Us3;          Us4;     Time [s];
4.5000000e+004;     4.893535;     3.053863;     3.038092;     1.292209;   3492681772
3.9810717e+004;     4.898401;     3.055856;     3.039938;     1.292115;   3492681774
3.1622777e+004;     4.904559;     3.058128;     3.041890;     1.291321;   3492681775
2.5118864e+004;     4.908436;     3.059257;     3.042654;     1.290031;   3492681777
1.9952623e+004;     4.910481;     3.059397;     3.042369;     1.288271;   3492681779
1.5848932e+004;     4.911858;     3.059155;     3.041650;     1.286265;   3492681781
1.2589254e+004;     4.912430;     3.058341;     3.040299;     1.283928;   3492681783
1.0000000e+004;     4.912668;     3.057231;     3.038572;     1.281346;   3492681784
7.9432823e+003;     4.914193;     3.056814;     3.037463;     1.278923;   3492681786
6.3095734e+003;     4.917539;     3.057396;     3.037263;     1.276754;   3492681788
5.0118723e+003;     4.919974;     3.057263;     3.036254;     1.274131;   3492681790
3.9810717e+003;     4.922665;     3.057148;     3.035130;     1.271320;   3492681792
3.1622777e+003;     4.924609;     3.056423;     3.033284;     1.268059;   3492681793
2.5118864e+003;     4.924291;     3.054124;     3.029751;     1.263956;   3492681795
1.9952623e+003;     4.923304;     3.051253;     3.025490;     1.259431;   3492681797
1.5848932e+003;     4.922531;     3.048313;     3.020970;     1.254687;   3492681799
1.2589254e+003;     4.921651;     3.045095;     3.016001;     1.249649;   3492681801
1.0000000e+003;     4.922194;     3.042593;     3.011490;     1.244721;   3492681802
7.9432823e+002;     4.922082;     3.039397;     3.006105;     1.239363;   3492681804
6.3095734e+002;     4.920377;     3.034846;     2.999252;     1.233331;   3492681806
5.0118723e+002;     4.922663;     3.032775;     2.994393;     1.228072;   3492681808
3.9810717e+002;     4.922853;     3.028996;     2.987737;     1.221995;   3492681810
3.1622777e+002;     4.919229;     3.022325;     2.978158;     1.214640;   3492681811
2.5118864e+002;     4.920475;     3.018754;     2.971098;     1.208234;   3492681813
1.9952623e+002;     4.923929;     3.016414;     2.964823;     1.202054;   3492681815
1.5848932e+002;     4.920418;     3.009049;     2.953704;     1.193744;   3492681817
1.2589254e+002;     4.917892;     3.002152;     2.942655;     1.185314;   3492681819
1.0000000e+002;     4.925295;     3.001735;     2.937030;     1.178910;   3492681820
7.9432823e+001;     4.921780;     2.993686;     2.924124;     1.169297;   3492681822
6.3095734e+001;     4.919446;     2.986237;     2.911306;     1.159442;   3492681824
5.0118723e+001;     4.927053;     2.985298;     2.903854;     1.151405;   3492681826
3.9810717e+001;     4.923594;     2.976708;     2.889016;     1.140004;   3492681828
3.1622777e+001;     4.921278;     2.968801;     2.874308;     1.128189;   3492681830
2.5118864e+001;     4.919688;     2.961254;     2.859452;     1.115800;   3492681831
1.9952623e+001;     4.918751;     2.954153;     2.844588;     1.102808;   3492681833
1.5848932e+001;     4.918079;     2.947183;     2.829481;     1.089135;   3492681835
1.2589254e+001;     4.917826;     2.940628;     2.814496;     1.074913;   3492681837
1.0000000e+001;     4.917605;     2.934229;     2.799460;     1.060150;   3492681839
7.9432820e+000;     4.917463;     2.928807;     2.785223;     1.045114;   3492681842
6.3095730e+000;     4.917279;     2.924187;     2.771697;     1.029962;   3492681844
5.0118720e+000;     4.917116;     2.920690;     2.759267;     1.014982;   3492681846
3.9810720e+000;     4.916926;     2.918470;     2.748238;     1.000396;   3492681849
3.1622780e+000;     4.916802;     2.917435;     2.738403;     0.986290;   3492681851
2.5118860e+000;     4.916639;     2.916890;     2.729224;     0.972671;   3492681854
1.9952620e+000;     4.916764;     2.917289;     2.721217;     0.959564;   3492681858
1.5848930e+000;     4.917080;     2.916495;     2.712177;     0.946714;   3492681862
1.2589250e+000;     4.917672;     2.915626;     2.703269;     0.934237;   3492681866
1.0000000e+000;     4.918349;     2.915688;     2.695688;     0.921929;   3492681871
7.9432800e-001;     4.919608;     2.912959;     2.685437;     0.909555;   3492681876
5.0118700e-001;     4.920909;     2.910231;     2.668409;     0.884015;   3492681884
3.1622800e-001;     4.922992;     2.904586;     2.650033;     0.856929;   3492681896
1.9952600e-001;     4.924986;     2.885240;     2.619589;     0.826655;   3492681912
1.2589300e-001;     4.927047;     2.890173;     2.614970;     0.794416;   3492681938
7.9433000e-002;     4.929135;     2.872825;     2.588209;     0.762895;   3492681981
5.0119000e-002;     4.931091;     2.865981;     2.571293;     0.736148;   3492682042
3.1623000e-002;     4.933107;     2.864676;     2.560393;     0.707410;   3492682141
1.9953000e-002;     4.935195;     2.867660;     2.553995;     0.675384;   3492682294
1.2589000e-002;     4.937208;     2.869416;     2.546197;     0.643802;   3492682537
6.3100000e-003;     4.940586;     2.860140;     2.524497;     0.589156;   3492683015
2.5120000e-003;     4.945650;     2.821243;     2.483536;     0.496114;   3492684213
1.0000000e-003;     4.948520;     2.802019;     2.458061;     0.436869;   3492687215
1.5850000e-003;     4.946014;     2.792231;     2.460027;     0.477858;   3492689109
3.9810000e-003;     4.940569;     2.805312;     2.486710;     0.576175;   3492689866
1.0000000e-002;     4.933689;     2.807948;     2.503766;     0.694802;   3492690167
1.5849000e-002;     4.931246;     2.828868;     2.539208;     0.734820;   3492690361
2.5119000e-002;     4.928872;     2.840663;     2.567575;     0.770925;   3492690482
3.9811000e-002;     4.926830;     2.857358;     2.602626;     0.797651;   3492690562
6.3096000e-002;     4.924707;     2.886713;     2.650382;     0.824780;   3492690614
1.0000000e-001;     4.922820;     2.891511;     2.672000;     0.845471;   3492690646
1.5848900e-001;     4.920885;     2.882066;     2.677697;     0.872784;   3492690670
2.5118900e-001;     4.918690;     2.906824;     2.714634;     0.903779;   3492690683
3.9810700e-001;     4.916995;     2.895687;     2.716441;     0.931199;   3492690693
6.3095700e-001;     4.915189;     2.906163;     2.738362;     0.961594;   3492690699
1.0000000e+000;     4.913366;     2.910257;     2.754110;     0.989278;   3492690704
1.5848930e+000;     4.912146;     2.916922;     2.772190;     1.016077;   3492690708
2.5118860e+000;     4.911799;     2.923088;     2.789744;     1.041803;   3492690711
3.9810720e+000;     4.912345;     2.929675;     2.807582;     1.066908;   3492690714
6.3095730e+000;     4.913025;     2.937629;     2.826542;     1.091870;   3492690716
1.0000000e+001;     4.913671;     2.947466;     2.847064;     1.116703;   3492690718
1.5848932e+001;     4.914437;     2.959205;     2.869029;     1.140872;   3492690720
2.5118864e+001;     4.916297;     2.972899;     2.892417;     1.163889;   3492690722
3.9810717e+001;     4.920332;     2.988341;     2.916824;     1.185331;   3492690724
6.3095734e+001;     4.916266;     2.997791;     2.935020;     1.202364;   3492690725
1.0000000e+002;     4.922440;     3.012998;     2.957441;     1.219676;   3492690727
1.5848932e+002;     4.917617;     3.019289;     2.970810;     1.232138;   3492690729
2.5118864e+002;     4.917827;     3.027505;     2.984977;     1.244215;   3492690731
3.9810717e+002;     4.920370;     3.035947;     2.998451;     1.255526;   3492690733
6.3095734e+002;     4.918050;     3.039880;     3.007058;     1.264390;   3492690734
1.0000000e+003;     4.919833;     3.045772;     3.016689;     1.273359;   3492690736
1.5848932e+003;     4.920271;     3.050075;     3.024222;     1.281111;   3492690738
2.5118864e+003;     4.922138;     3.054887;     3.031619;     1.288489;   3492690740
3.9810717e+003;     4.920428;     3.057199;     3.036019;     1.294237;   3492690742
6.3095734e+003;     4.915363;     3.057164;     3.037680;     1.298454;   3492690743
1.0000000e+004;     4.910610;     3.057056;     3.038926;     1.302159;   3492690745
1.5848932e+004;     4.909857;     3.059191;     3.042104;     1.306421;   3492690747
2.5118864e+004;     4.906450;     3.059590;     3.043314;     1.309700;   3492690749
3.9810717e+004;     4.896517;     3.056533;     3.040881;     1.311420;   3492690751
