             f;      Abs(Zm);     Std(Abs);      Phi(Zm);     Std(Phi);       Re(Zm);       Im(Zm);     Time [s]
4.5000000e+004;      23.9602;       0.0061;    -0.037010;     0.000093;      23.9437;      -0.8866;   3492660522
3.9810717e+004;      24.1667;       0.0024;    -0.056848;     0.000104;      24.1276;      -1.3731;   3492660523
3.1622777e+004;      24.6065;       0.0009;    -0.091431;     0.000030;      24.5038;      -2.2467;   3492660525
2.5118864e+004;      25.1684;       0.0029;    -0.122720;     0.000029;      24.9791;      -3.0809;   3492660527
1.9952623e+004;      25.8232;       0.0012;    -0.151325;     0.000032;      25.5281;      -3.8928;   3492660529
1.5848932e+004;      26.5764;       0.0020;    -0.177593;     0.000027;      26.1584;      -4.6950;   3492660531
1.2589254e+004;      27.4420;       0.0010;    -0.202146;     0.000020;      26.8832;      -5.5096;   3492660532
1.0000000e+004;      28.4101;       0.0019;    -0.225317;     0.000017;      27.6920;      -6.3472;   3492660534
7.9432823e+003;      29.4889;       0.0006;    -0.247433;     0.000046;      28.5908;      -7.2223;   3492660536
6.3095734e+003;      30.7093;       0.0020;    -0.268376;     0.000038;      29.6100;      -8.1431;   3492660538
5.0118723e+003;      32.0850;       0.0026;    -0.288151;     0.000014;      30.7621;      -9.1179;   3492660540
3.9810717e+003;      33.5976;       0.0004;    -0.307054;     0.000031;      32.0261;     -10.1549;   3492660541
3.1622777e+003;      35.2908;       0.0009;    -0.324744;     0.000035;      33.4462;     -11.2601;   3492660543
2.5118864e+003;      37.1339;       0.0017;    -0.341544;     0.000030;      34.9890;     -12.4377;   3492660545
1.9952623e+003;      39.1889;       0.0016;    -0.356906;     0.000019;      36.7193;     -13.6917;   3492660547
1.5848932e+003;      41.4341;       0.0020;    -0.371074;     0.000013;      38.6140;     -15.0247;   3492660549
1.2589254e+003;      43.8839;       0.0001;    -0.383999;     0.000025;      40.6880;     -16.4403;   3492660550
1.0000000e+003;      46.6124;       0.0019;    -0.395292;     0.000019;      43.0178;     -17.9494;   3492660552
7.9432823e+002;      49.5410;       0.0013;    -0.405711;     0.000015;      45.5193;     -19.5525;   3492660554
6.3095734e+002;      52.6360;       0.0011;    -0.415743;     0.000023;      48.1522;     -21.2581;   3492660556
5.0118723e+002;      56.1666;       0.0029;    -0.423661;     0.000008;      51.2009;     -23.0901;   3492660558
3.9810717e+002;      59.8831;       0.0021;    -0.431535;     0.000027;      54.3933;     -25.0470;   3492660559
3.1622777e+002;      63.7209;       0.0018;    -0.439994;     0.000020;      57.6518;     -27.1409;   3492660561
2.5118864e+002;      68.0985;       0.0011;    -0.446485;     0.000003;      61.4229;     -29.4048;   3492660563
1.9952623e+002;      72.9552;       0.0013;    -0.451700;     0.000006;      65.6382;     -31.8446;   3492660565
1.5848932e+002;      77.8498;       0.0012;    -0.458494;     0.000011;      69.8094;     -34.4562;   3492660567
1.2589254e+002;      83.2440;       0.0019;    -0.464176;     0.000013;      74.4360;     -37.2672;   3492660568
1.0000000e+002;      89.5125;       0.0009;    -0.467155;     0.000022;      79.9215;     -40.3118;   3492660570
7.9432823e+001;      95.7670;       0.0007;    -0.471936;     0.000008;      85.2987;     -43.5368;   3492660572
6.3095734e+001;     102.6066;       0.0011;    -0.475536;     0.000002;      91.2221;     -46.9748;   3492660574
5.0118723e+001;     110.4435;       0.0027;    -0.476386;     0.000015;      98.1465;     -50.6462;   3492660576
3.9810717e+001;     118.3881;       0.0008;    -0.477928;     0.000015;     105.1227;     -54.4515;   3492660577
3.1622777e+001;     126.9758;       0.0017;    -0.477818;     0.000009;     112.7545;     -58.3889;   3492660579
2.5118864e+001;     136.2236;       0.0009;    -0.475881;     0.000018;     121.0877;     -62.4070;   3492660581
1.9952623e+001;     146.0878;       0.0025;    -0.472021;     0.000022;     130.1133;     -66.4242;   3492660583
1.5848932e+001;     156.5052;       0.0031;    -0.466213;     0.000013;     139.8025;     -70.3502;   3492660585
1.2589254e+001;     167.4138;       0.0029;    -0.458572;     0.000014;     150.1175;     -74.1088;   3492660587
1.0000000e+001;     178.7233;       0.0010;    -0.449323;     0.000007;     160.9835;     -77.6294;   3492660589
7.9432820e+000;     190.3311;       0.0076;    -0.438779;     0.000009;     172.3013;     -80.8592;   3492660591
6.3095730e+000;     202.1452;       0.0097;    -0.427424;     0.000022;     183.9596;     -83.7948;   3492660594
5.0118720e+000;     214.0926;       0.0104;    -0.415683;     0.000011;     195.8606;     -86.4538;   3492660596
3.9810720e+000;     226.1286;       0.0192;    -0.404050;     0.000031;     207.9200;     -88.9014;   3492660598
3.1622780e+000;     238.2100;       0.0292;    -0.393012;     0.000034;     220.0488;     -91.2280;   3492660601
2.5118860e+000;     250.4007;       0.0418;    -0.382802;     0.000031;     232.2771;     -93.5300;   3492660604
1.9952620e+000;     262.6774;       0.0633;    -0.373720;     0.000044;     244.5462;     -95.8986;   3492660607
1.5848930e+000;     275.1199;       0.0843;    -0.365882;     0.000043;     256.9093;     -98.4306;   3492660611
1.2589250e+000;     287.8224;       0.1272;    -0.359393;     0.000028;     269.4336;    -101.2289;   3492660615
1.0000000e+000;     300.6613;       0.1528;    -0.354269;     0.000029;     281.9903;    -104.3010;   3492660620
7.9432800e-001;     313.8951;       0.1888;    -0.350606;     0.000019;     294.7992;    -107.8127;   3492660626
5.0118700e-001;     342.9608;       0.4317;    -0.346964;     0.000239;     322.5236;    -116.6216;   3492660634
3.1622800e-001;     374.1648;       0.5687;    -0.348313;     0.000075;     351.6962;    -127.7070;   3492660645
1.9952600e-001;     408.4580;       0.9961;    -0.354284;     0.000217;     383.0909;    -141.7015;   3492660662
1.2589300e-001;     448.0105;       2.0367;    -0.363088;     0.001223;     418.8030;    -159.1126;   3492660688
7.9433000e-002;     489.9114;       1.7230;    -0.373909;     0.001383;     456.0625;    -178.9392;   3492660730
5.0119000e-002;     538.8904;       3.8784;    -0.387964;     0.001482;     498.8433;    -203.8552;   3492660792
3.1623000e-002;     588.6958;       2.6341;    -0.401369;     0.001157;     541.9119;    -229.9854;   3492660891
1.9953000e-002;     646.3159;       2.6772;    -0.409321;     0.004624;     592.9205;    -257.1995;   3492661044
1.2589000e-002;     712.4790;       3.8001;    -0.417757;     0.006425;     651.1986;    -289.0062;   3492661287
6.3100000e-003;     837.9616;       6.8721;    -0.419813;     0.009659;     765.1790;    -341.3922;   3492661765
2.5120000e-003;    1039.6030;       8.9404;    -0.411864;     0.011505;     952.6221;    -415.9290;   3492662962
3.9810000e-003;     893.9328;       2.4537;    -0.435858;     0.002848;     810.3565;    -377.3927;   3492663719
1.0000000e-002;     683.0525;       6.6498;    -0.435165;     0.003120;     619.4038;    -287.9073;   3492664020
1.5849000e-002;     607.5164;       3.7301;    -0.432776;     0.002480;     551.5107;    -254.7697;   3492664214
2.5119000e-002;     539.9157;       3.6298;    -0.426219;     0.001010;     491.6143;    -223.2125;   3492664335
3.9811000e-002;     483.5201;       2.8888;    -0.417986;     0.000799;     441.8934;    -196.2694;   3492664415
6.3096000e-002;     437.2385;       1.2729;    -0.411614;     0.002409;     400.7182;    -174.9291;   3492664467
1.0000000e-001;     394.5664;       2.5529;    -0.400376;     0.001400;     363.3600;    -153.7906;   3492664499
1.5848900e-001;     359.0770;       0.7962;    -0.395820;     0.001136;     331.3136;    -138.4457;   3492664523
2.5118900e-001;     326.5275;       0.9623;    -0.387923;     0.001986;     302.2630;    -123.5168;   3492664537
3.9810700e-001;     297.0869;       0.2858;    -0.387926;     0.000267;     275.0120;    -112.3790;   3492664546
6.3095700e-001;     270.3682;       0.3403;    -0.388256;     0.000302;     250.2447;    -102.3548;   3492664553
1.0000000e+000;     245.6856;       0.1602;    -0.392758;     0.000089;     226.9784;     -94.0331;   3492664557
1.5848930e+000;     222.6511;       0.1015;    -0.399250;     0.000067;     205.1403;     -86.5505;   3492664561
2.5118860e+000;     200.9097;       0.0422;    -0.407380;     0.000037;     184.4676;     -79.6015;   3492664564
3.9810720e+000;     180.2346;       0.0251;    -0.415252;     0.000022;     164.9174;     -72.7103;   3492664567
6.3095730e+000;     160.9259;       0.0118;    -0.422127;     0.000017;     146.7998;     -65.9317;   3492664569
1.0000000e+001;     143.0944;       0.0069;    -0.426558;     0.000010;     130.2724;     -59.2038;   3492664571
1.5848932e+001;     126.9087;       0.0010;    -0.427376;     0.000013;     115.4941;     -52.6016;   3492664573
2.5118864e+001;     112.4523;       0.0014;    -0.424744;     0.000017;     102.4603;     -46.3402;   3492664575
3.9810717e+001;      99.8038;       0.0012;    -0.418569;     0.000025;      91.1879;     -40.5656;   3492664577
6.3095734e+001;      88.3733;       0.0014;    -0.411361;     0.000025;      81.0010;     -35.3367;   3492664578
1.0000000e+002;      78.8315;       0.0014;    -0.400487;     0.000017;      72.5937;     -30.7338;   3492664580
1.5848932e+002;      70.0594;       0.0012;    -0.391180;     0.000005;      64.7671;     -26.7122;   3492664582
2.5118864e+002;      62.6463;       0.0012;    -0.380347;     0.000007;      58.1693;     -23.2570;   3492664584
3.9810717e+002;      56.2667;       0.0013;    -0.368851;     0.000012;      52.4823;     -20.2866;   3492664586
6.3095734e+002;      50.4610;       0.0016;    -0.358282;     0.000009;      47.2568;     -17.6950;   3492664587
1.0000000e+003;      45.5150;       0.0035;    -0.345379;     0.000033;      42.8272;     -15.4092;   3492664589
1.5848932e+003;      41.0485;       0.0009;    -0.331016;     0.000028;      38.8201;     -13.3409;   3492664591
2.5118864e+003;      37.1784;       0.0014;    -0.312682;     0.000023;      35.3757;     -11.4365;   3492664593
3.9810717e+003;      33.8474;       0.0011;    -0.289242;     0.000036;      32.4414;      -9.6541;   3492664595
6.3095734e+003;      30.9881;       0.0011;    -0.260261;     0.000047;      29.9446;      -7.9743;   3492664596
1.0000000e+004;      28.6337;       0.0018;    -0.224566;     0.000046;      27.9147;      -6.3763;   3492664598
1.5848932e+004;      26.7124;       0.0034;    -0.181877;     0.000041;      26.2718;      -4.8316;   3492664600
2.5118864e+004;      25.2049;       0.0018;    -0.129889;     0.000025;      24.9926;      -3.2647;   3492664602
3.9810717e+004;      24.1105;       0.0028;    -0.065517;     0.000084;      24.0587;      -1.5785;   3492664604

             f;     Abs(Z12);     Phi(Z12);     Abs(Z34);     Phi(Z34);     Abs(Z14);     Phi(Z14);     Time [s]
4.5000000e+004;    1532.6142;     0.001172;    1397.8832;    -0.026275;    2954.1748;    -0.012124;   3492660522
3.9810717e+004;    1534.1564;    -0.000274;    1399.0574;    -0.025369;    2957.1262;    -0.012608;   3492660523
3.1622777e+004;    1536.6980;    -0.002674;    1401.5291;    -0.024186;    2962.5888;    -0.013586;   3492660525
2.5118864e+004;    1538.9468;    -0.004829;    1404.2576;    -0.023612;    2968.0953;    -0.014713;   3492660527
1.9952623e+004;    1541.0476;    -0.006845;    1407.2841;    -0.023544;    2973.8142;    -0.015997;   3492660529
1.5848932e+004;    1543.1746;    -0.008823;    1410.6217;    -0.023925;    2979.9456;    -0.017470;   3492660531
1.2589254e+004;    1545.4363;    -0.010834;    1414.3151;    -0.024697;    2986.6600;    -0.019146;   3492660532
1.0000000e+004;    1547.9035;    -0.012935;    1418.4030;    -0.025808;    2994.0589;    -0.021033;   3492660534
7.9432823e+003;    1550.6108;    -0.015174;    1422.9275;    -0.027217;    3002.2276;    -0.023143;   3492660536
6.3095734e+003;    1553.6695;    -0.017599;    1427.9277;    -0.028880;    3011.3486;    -0.025479;   3492660538
5.0118723e+003;    1557.1467;    -0.020251;    1433.4634;    -0.030765;    3021.5632;    -0.028050;   3492660540
3.9810717e+003;    1561.0945;    -0.023164;    1439.5421;    -0.032827;    3032.9118;    -0.030853;   3492660541
3.1622777e+003;    1565.6170;    -0.026375;    1446.1986;    -0.035026;    3045.5790;    -0.033889;   3492660543
2.5118864e+003;    1570.8075;    -0.029923;    1453.4750;    -0.037336;    3059.6683;    -0.037166;   3492660545
1.9952623e+003;    1576.7245;    -0.033834;    1461.3301;    -0.039719;    3075.2627;    -0.040676;   3492660547
1.5848932e+003;    1583.4596;    -0.038145;    1469.7544;    -0.042161;    3092.4221;    -0.044433;   3492660549
1.2589254e+003;    1591.1611;    -0.042890;    1478.7293;    -0.044660;    3111.2917;    -0.048450;   3492660550
1.0000000e+003;    1599.8375;    -0.048098;    1488.2084;    -0.047232;    3131.9103;    -0.052751;   3492660552
7.9432823e+002;    1609.7658;    -0.053797;    1498.2095;    -0.049912;    3154.4889;    -0.057365;   3492660554
6.3095734e+002;    1621.1254;    -0.059995;    1508.7213;    -0.052741;    3179.1559;    -0.062319;   3492660556
5.0118723e+002;    1633.6581;    -0.066702;    1519.7052;    -0.055777;    3205.9001;    -0.067645;   3492660558
3.9810717e+002;    1647.9669;    -0.073907;    1531.2557;    -0.059086;    3235.1493;    -0.073372;   3492660559
3.1622777e+002;    1664.2667;    -0.081581;    1543.4509;    -0.062727;    3267.1220;    -0.079517;   3492660561
2.5118864e+002;    1682.0111;    -0.089709;    1556.2865;    -0.066764;    3301.7196;    -0.086098;   3492660563
1.9952623e+002;    1701.4543;    -0.098258;    1569.8471;    -0.071258;    3339.2188;    -0.093128;   3492660565
1.5848932e+002;    1723.3090;    -0.107200;    1584.3515;    -0.076261;    3380.0707;    -0.100626;   3492660567
1.2589254e+002;    1746.9368;    -0.116549;    1599.8092;    -0.081833;    3424.1545;    -0.108614;   3492660568
1.0000000e+002;    1771.6339;    -0.126340;    1616.2370;    -0.088028;    3471.1962;    -0.117125;   3492660570
7.9432823e+001;    1799.0243;    -0.136556;    1633.9049;    -0.094903;    3522.1328;    -0.126188;   3492660572
6.3095734e+001;    1828.1762;    -0.147235;    1652.8212;    -0.102530;    3576.7050;    -0.135833;   3492660574
5.0118723e+001;    1858.5289;    -0.158408;    1673.0156;    -0.110980;    3634.8460;    -0.146086;   3492660576
3.9810717e+001;    1891.7599;    -0.170055;    1694.7199;    -0.120335;    3697.5232;    -0.156978;   3492660577
3.1622777e+001;    1927.0826;    -0.182228;    1717.9900;    -0.130699;    3764.6134;    -0.168548;   3492660579
2.5118864e+001;    1964.8998;    -0.194949;    1742.9789;    -0.142161;    3836.7168;    -0.180822;   3492660581
1.9952623e+001;    2005.2664;    -0.208142;    1769.8850;    -0.154769;    3914.0673;    -0.193754;   3492660583
1.5848932e+001;    2048.0695;    -0.221652;    1798.9392;    -0.168516;    3996.7336;    -0.207227;   3492660585
1.2589254e+001;    2092.7729;    -0.235165;    1830.3051;    -0.183213;    4084.2730;    -0.220974;   3492660587
1.0000000e+001;    2138.3282;    -0.248227;    1864.0150;    -0.198474;    4175.5474;    -0.234575;   3492660589
7.9432820e+000;    2183.0109;    -0.260443;    1899.9488;    -0.213540;    4268.5412;    -0.247483;   3492660591
6.3095730e+000;    2226.1313;    -0.271706;    1937.5592;    -0.227504;    4361.8349;    -0.259265;   3492660594
5.0118720e+000;    2267.3370;    -0.282160;    1976.4372;    -0.239595;    4454.5181;    -0.269678;   3492660596
3.9810720e+000;    2307.4654;    -0.292029;    2016.0003;    -0.249537;    4546.7580;    -0.278753;   3492660598
3.1622780e+000;    2347.1002;    -0.301508;    2055.9657;    -0.257501;    4638.7973;    -0.286702;   3492660601
2.5118860e+000;    2387.4551;    -0.310456;    2095.5325;    -0.263850;    4731.1263;    -0.293646;   3492660604
1.9952620e+000;    2427.8119;    -0.318968;    2134.7349;    -0.268585;    4823.0209;    -0.299656;   3492660607
1.5848930e+000;    2469.6472;    -0.326727;    2173.7626;    -0.274541;    4916.4306;    -0.305852;   3492660611
1.2589250e+000;    2512.7596;    -0.334064;    2212.4265;    -0.279632;    5010.9155;    -0.311496;   3492660615
1.0000000e+000;    2554.9330;    -0.341132;    2250.8898;    -0.284900;    5104.3719;    -0.317119;   3492660620
7.9432800e-001;    2598.7879;    -0.347203;    2289.1355;    -0.292868;    5199.8992;    -0.323498;   3492660626
5.0118700e-001;    2702.8862;    -0.358570;    2382.1568;    -0.304213;    5426.1024;    -0.333982;   3492660634
3.1622800e-001;    2807.3860;    -0.369809;    2480.3354;    -0.323221;    5660.4572;    -0.347979;   3492660645
1.9952600e-001;    2917.3322;    -0.375785;    2561.6927;    -0.356642;    5887.2031;    -0.365964;   3492660662
1.2589300e-001;    3027.8119;    -0.388314;    2698.4888;    -0.372734;    6174.0708;    -0.379674;   3492660688
7.9433000e-002;    3135.1397;    -0.397306;    2786.7349;    -0.399281;    6411.6482;    -0.396376;   3492660730
5.0119000e-002;    3262.4337;    -0.401571;    2866.1783;    -0.426477;    6666.8699;    -0.411176;   3492660792
3.1623000e-002;    3362.6590;    -0.419195;    2962.0529;    -0.445317;    6912.6261;    -0.428869;   3492660891
1.9953000e-002;    3515.0709;    -0.431314;    3105.9743;    -0.457382;    7266.4416;    -0.440496;   3492661044
1.2589000e-002;    3749.2774;    -0.442096;    3288.4007;    -0.472710;    7748.8220;    -0.452843;   3492661287
6.3100000e-003;    4253.8976;    -0.432621;    3787.4747;    -0.493885;    8874.8318;    -0.457529;   3492661765
2.5120000e-003;    4951.9428;    -0.377713;    4712.3755;    -0.421305;   10701.4128;    -0.400202;   3492662962
3.9810000e-003;    4340.7683;    -0.422855;    4051.5784;    -0.482218;    9282.4810;    -0.450004;   3492663719
1.0000000e-002;    3446.2064;    -0.436546;    3033.0617;    -0.493156;    7159.4881;    -0.460380;   3492664020
1.5849000e-002;    3118.9369;    -0.438341;    2777.8510;    -0.473515;    6503.2565;    -0.452840;   3492664214
2.5119000e-002;    2864.5301;    -0.423821;    2588.2029;    -0.449224;    5992.1865;    -0.435008;   3492664335
3.9811000e-002;    2688.9720;    -0.401644;    2458.1462;    -0.421452;    5630.3756;    -0.411694;   3492664415
6.3096000e-002;    2553.4981;    -0.375605;    2406.9253;    -0.383004;    5397.4145;    -0.381820;   3492664467
1.0000000e-001;    2429.1326;    -0.344899;    2337.4133;    -0.342456;    5160.5227;    -0.348032;   3492664499
1.5848900e-001;    2367.8314;    -0.317567;    2240.1337;    -0.310678;    4965.9059;    -0.320111;   3492664523
2.5118900e-001;    2278.3931;    -0.288724;    2165.4142;    -0.273355;    4768.4723;    -0.288527;   3492664537
3.9810700e-001;    2228.8942;    -0.266142;    2068.1821;    -0.255838;    4591.8769;    -0.269361;   3492664546
6.3095700e-001;    2148.9959;    -0.246958;    1998.3680;    -0.232228;    4414.8292;    -0.248915;   3492664553
1.0000000e+000;    2093.4741;    -0.230212;    1927.5604;    -0.220952;    4263.4553;    -0.235352;   3492664557
1.5848930e+000;    2034.5110;    -0.213355;    1865.7213;    -0.208686;    4119.1549;    -0.221231;   3492664561
2.5118860e+000;    1977.3353;    -0.195401;    1809.2271;    -0.195841;    3983.2076;    -0.206213;   3492664564
3.9810720e+000;    1920.3458;    -0.177261;    1755.6651;    -0.180979;    3851.4653;    -0.189988;   3492664567
6.3095730e+000;    1857.7067;    -0.154717;    1703.7181;    -0.160596;    3716.9731;    -0.168852;   3492664569
1.0000000e+001;    1796.7254;    -0.131514;    1654.3396;    -0.137856;    3588.3211;    -0.146034;   3492664571
1.5848932e+001;    1744.3535;    -0.110908;    1609.4260;    -0.115422;    3474.6842;    -0.124365;   3492664573
2.5118864e+001;    1701.1705;    -0.093145;    1571.2605;    -0.095402;    3378.9919;    -0.105029;   3492664575
3.9810717e+001;    1665.8160;    -0.078110;    1540.0660;    -0.078590;    3300.1329;    -0.088433;   3492664577
6.3095734e+001;    1637.4244;    -0.065514;    1514.7556;    -0.064739;    3235.4482;    -0.074411;   3492664578
1.0000000e+002;    1613.4125;    -0.054877;    1494.0278;    -0.053698;    3181.7072;    -0.062717;   3492664580
1.5848932e+002;    1594.1979;    -0.045835;    1476.8758;    -0.045171;    3137.0787;    -0.053082;   3492664582
2.5118864e+002;    1577.9993;    -0.038182;    1462.1879;    -0.038688;    3099.2781;    -0.045203;   3492664584
3.9810717e+002;    1564.4395;    -0.031767;    1449.2455;    -0.033810;    3066.8580;    -0.038800;   3492664586
6.3095734e+002;    1553.4920;    -0.026463;    1437.6013;    -0.030131;    3038.8697;    -0.033608;   3492664587
1.0000000e+003;    1544.1321;    -0.022129;    1426.8683;    -0.027321;    3014.2182;    -0.029383;   3492664589
1.5848932e+003;    1536.3119;    -0.018589;    1416.8937;    -0.025120;    2992.3166;    -0.025898;   3492664591
2.5118864e+003;    1529.5758;    -0.015665;    1407.5628;    -0.023333;    2972.7268;    -0.022956;   3492664593
3.9810717e+003;    1523.6842;    -0.013182;    1398.8816;    -0.021855;    2955.1561;    -0.020409;   3492664595
6.3095734e+003;    1518.5068;    -0.010959;    1390.9253;    -0.020687;    2939.4727;    -0.018163;   3492664596
1.0000000e+004;    1513.7989;    -0.008787;    1383.7263;    -0.019954;    2925.4881;    -0.016165;   3492664598
1.5848932e+004;    1509.4104;    -0.006413;    1377.3127;    -0.019902;    2912.9927;    -0.014392;   3492664600
2.5118864e+004;    1505.0706;    -0.003523;    1371.6652;    -0.020921;    2901.6581;    -0.012842;   3492664602
3.9810717e+004;    1500.0870;     0.000396;    1366.7878;    -0.023581;    2890.7442;    -0.011489;   3492664604

             f;          Ug1;          Ug2;          Ug3;          Ug4;     Time [s];
4.5000000e+004;     0.007051;     0.056112;    -0.223802;     0.000450;   3492660522
3.9810717e+004;     0.007138;     0.056179;    -0.223771;     0.000465;   3492660523
3.1622777e+004;     0.007156;     0.056217;    -0.223767;     0.000466;   3492660525
2.5118864e+004;     0.007195;     0.056247;    -0.223747;     0.000469;   3492660527
1.9952623e+004;     0.007256;     0.056306;    -0.223715;     0.000488;   3492660529
1.5848932e+004;     0.007258;     0.056316;    -0.223735;     0.000476;   3492660531
1.2589254e+004;     0.007266;     0.056354;    -0.223736;     0.000484;   3492660532
1.0000000e+004;     0.007263;     0.056368;    -0.223745;     0.000485;   3492660534
7.9432823e+003;     0.007275;     0.056397;    -0.223750;     0.000492;   3492660536
6.3095734e+003;     0.007250;     0.056409;    -0.223790;     0.000484;   3492660538
5.0118723e+003;     0.007272;     0.056445;    -0.223788;     0.000496;   3492660540
3.9810717e+003;     0.007226;     0.056433;    -0.223813;     0.000485;   3492660541
3.1622777e+003;     0.007200;     0.056438;    -0.223833;     0.000478;   3492660543
2.5118864e+003;     0.007250;     0.056479;    -0.223820;     0.000496;   3492660545
1.9952623e+003;     0.007245;     0.056497;    -0.223831;     0.000501;   3492660547
1.5848932e+003;     0.007193;     0.056467;    -0.223877;     0.000488;   3492660549
1.2589254e+003;     0.007164;     0.056456;    -0.223894;     0.000484;   3492660550
1.0000000e+003;     0.007231;     0.056507;    -0.223929;     0.000495;   3492660552
7.9432823e+002;     0.007186;     0.056473;    -0.223992;     0.000486;   3492660554
6.3095734e+002;     0.007214;     0.056440;    -0.223941;     0.000491;   3492660556
5.0118723e+002;     0.007205;     0.056417;    -0.224129;     0.000497;   3492660558
3.9810717e+002;     0.007201;     0.056333;    -0.224258;     0.000496;   3492660559
3.1622777e+002;     0.007138;     0.056122;    -0.224264;     0.000487;   3492660561
2.5118864e+002;     0.007150;     0.055936;    -0.224543;     0.000491;   3492660563
1.9952623e+002;     0.007158;     0.055671;    -0.225042;     0.000488;   3492660565
1.5848932e+002;     0.007152;     0.055154;    -0.225340;     0.000487;   3492660567
1.2589254e+002;     0.007177;     0.054395;    -0.225935;     0.000499;   3492660568
1.0000000e+002;     0.007129;     0.053371;    -0.227410;     0.000463;   3492660570
7.9432823e+001;     0.007144;     0.051677;    -0.228886;     0.000474;   3492660572
6.3095734e+001;     0.007158;     0.049161;    -0.231236;     0.000467;   3492660574
5.0118723e+001;     0.007072;     0.045630;    -0.235398;     0.000543;   3492660576
3.9810717e+001;     0.007013;     0.040287;    -0.240506;     0.000487;   3492660577
3.1622777e+001;     0.007034;     0.032861;    -0.247783;     0.000467;   3492660579
2.5118864e+001;     0.007050;     0.022998;    -0.257557;     0.000431;   3492660581
1.9952623e+001;     0.007073;     0.010499;    -0.270025;     0.000423;   3492660583
1.5848932e+001;     0.007034;    -0.004460;    -0.285005;     0.000400;   3492660585
1.2589254e+001;     0.007011;    -0.021376;    -0.301972;     0.000319;   3492660587
1.0000000e+001;     0.007049;    -0.039424;    -0.320063;     0.000124;   3492660589
7.9432820e+000;     0.006982;    -0.057447;    -0.338238;     0.000054;   3492660591
6.3095730e+000;     0.007021;    -0.074261;    -0.355229;    -0.000105;   3492660594
5.0118720e+000;     0.007028;    -0.089290;    -0.370430;    -0.000357;   3492660596
3.9810720e+000;     0.007056;    -0.101946;    -0.383274;    -0.000687;   3492660598
3.1622780e+000;     0.007043;    -0.112433;    -0.394009;    -0.000896;   3492660601
2.5118860e+000;     0.007094;    -0.120960;    -0.402847;    -0.001077;   3492660604
1.9952620e+000;     0.007019;    -0.128450;    -0.410820;    -0.000744;   3492660607
1.5848930e+000;     0.007061;    -0.134331;    -0.416728;    -0.002089;   3492660611
1.2589250e+000;     0.007124;    -0.139099;    -0.421825;    -0.002551;   3492660615
1.0000000e+000;     0.007102;    -0.143321;    -0.426514;    -0.002553;   3492660620
7.9432800e-001;     0.007175;    -0.145312;    -0.428903;    -0.003321;   3492660626
5.0118700e-001;     0.006867;    -0.147718;    -0.433740;     0.001383;   3492660634
3.1622800e-001;     0.006733;    -0.146703;    -0.435375;     0.003436;   3492660645
1.9952600e-001;     0.007142;    -0.131944;    -0.422771;    -0.002501;   3492660662
1.2589300e-001;     0.006525;    -0.125712;    -0.421843;     0.006607;   3492660688
7.9433000e-002;     0.006651;    -0.101849;    -0.403940;     0.004451;   3492660730
5.0119000e-002;     0.007011;    -0.066511;    -0.375143;    -0.000389;   3492660792
3.1623000e-002;     0.006776;    -0.020647;    -0.337776;     0.003523;   3492660891
1.9953000e-002;     0.006403;     0.027282;    -0.298709;     0.008768;   3492661044
1.2589000e-002;     0.006232;     0.080651;    -0.254403;     0.010502;   3492661287
6.3100000e-003;     0.006386;     0.126356;    -0.207725;     0.005881;   3492661765
2.5120000e-003;     0.006562;     0.114174;    -0.215830;     0.000798;   3492662962
3.9810000e-003;     0.007118;     0.113844;    -0.239325;    -0.007568;   3492663719
1.0000000e-002;     0.007777;     0.089572;    -0.281536;    -0.017118;   3492664020
1.5849000e-002;     0.007488;     0.060497;    -0.317152;    -0.013138;   3492664214
2.5119000e-002;     0.007587;     0.027432;    -0.354031;    -0.015143;   3492664335
3.9811000e-002;     0.007588;    -0.003618;    -0.388638;    -0.015940;   3492664415
6.3096000e-002;     0.006776;    -0.030459;    -0.421477;    -0.002493;   3492664467
1.0000000e-001;     0.006129;    -0.035445;    -0.434500;     0.009098;   3492664499
1.5848900e-001;     0.006732;    -0.052758;    -0.453278;    -0.001092;   3492664523
2.5118900e-001;     0.006081;    -0.049095;    -0.452393;     0.009834;   3492664537
3.9810700e-001;     0.007106;    -0.057257;    -0.458071;    -0.007169;   3492664546
6.3095700e-001;     0.006418;    -0.040021;    -0.443002;     0.004329;   3492664553
1.0000000e+000;     0.006678;    -0.030477;    -0.432070;    -0.000141;   3492664557
1.5848930e+000;     0.006464;    -0.008333;    -0.409410;     0.003179;   3492664561
2.5118860e+000;     0.006390;     0.018423;    -0.381608;     0.004348;   3492664564
3.9810720e+000;     0.006605;     0.048816;    -0.348428;     0.000972;   3492664567
6.3095730e+000;     0.006603;     0.085174;    -0.309868;     0.000959;   3492664569
1.0000000e+001;     0.006598;     0.119747;    -0.273243;     0.001423;   3492664571
1.5848932e+001;     0.006643;     0.148358;    -0.242321;     0.000652;   3492664573
2.5118864e+001;     0.006628;     0.169803;    -0.218868;     0.000080;   3492664575
3.9810717e+001;     0.006631;     0.184846;    -0.202493;     0.000073;   3492664577
6.3095734e+001;     0.006789;     0.194956;    -0.190486;    -0.000134;   3492664578
1.0000000e+002;     0.006795;     0.202393;    -0.182421;    -0.000332;   3492664580
1.5848932e+002;     0.006766;     0.207065;    -0.176425;    -0.000346;   3492664582
2.5118864e+002;     0.006830;     0.210664;    -0.172105;    -0.000318;   3492664584
3.9810717e+002;     0.006820;     0.213481;    -0.168894;    -0.000262;   3492664586
6.3095734e+002;     0.006783;     0.215517;    -0.166126;    -0.000245;   3492664587
1.0000000e+003;     0.006804;     0.217396;    -0.163920;    -0.000196;   3492664589
1.5848932e+003;     0.006802;     0.218951;    -0.161916;    -0.000151;   3492664591
2.5118864e+003;     0.006841;     0.220376;    -0.160110;    -0.000124;   3492664593
3.9810717e+003;     0.006795;     0.221622;    -0.158508;    -0.000106;   3492664595
6.3095734e+003;     0.006793;     0.222770;    -0.157011;    -0.000089;   3492664596
1.0000000e+004;     0.006828;     0.223851;    -0.155594;    -0.000057;   3492664598
1.5848932e+004;     0.006784;     0.224806;    -0.154337;    -0.000045;   3492664600
2.5118864e+004;     0.006767;     0.225713;    -0.153116;    -0.000024;   3492664602
3.9810717e+004;     0.006674;     0.226536;    -0.152019;    -0.000016;   3492664604

             f;          Us1;          Us2;          Us3;          Us4;     Time [s];
4.5000000e+004;     4.897584;     3.000080;     2.970418;     1.239707;   3492660522
3.9810717e+004;     4.902454;     3.002399;     2.972490;     1.239772;   3492660523
3.1622777e+004;     4.908557;     3.005382;     2.974993;     1.239283;   3492660525
2.5118864e+004;     4.912239;     3.007347;     2.976372;     1.238291;   3492660527
1.9952623e+004;     4.914324;     3.008670;     2.977031;     1.236911;   3492660529
1.5848932e+004;     4.915601;     3.009694;     2.977300;     1.235252;   3492660531
1.2589254e+004;     4.916181;     3.010421;     2.977165;     1.233274;   3492660532
1.0000000e+004;     4.916266;     3.010928;     2.976715;     1.230989;   3492660534
7.9432823e+003;     4.917643;     3.012301;     2.977018;     1.228812;   3492660536
6.3095734e+003;     4.920795;     3.014783;     2.978276;     1.226805;   3492660538
5.0118723e+003;     4.923215;     3.016820;     2.978942;     1.224300;   3492660540
3.9810717e+003;     4.925716;     3.018865;     2.979488;     1.221489;   3492660541
3.1622777e+003;     4.927734;     3.020530;     2.979482;     1.218183;   3492660543
2.5118864e+003;     4.927472;     3.020649;     2.977817;     1.213916;   3492660545
1.9952623e+003;     4.926504;     3.020159;     2.975344;     1.209063;   3492660547
1.5848932e+003;     4.925686;     3.019502;     2.972530;     1.203828;   3492660549
1.2589254e+003;     4.924951;     3.018535;     2.969220;     1.198165;   3492660550
1.0000000e+003;     4.925499;     3.018007;     2.966064;     1.192365;   3492660552
7.9432823e+002;     4.925436;     3.016536;     2.961806;     1.185924;   3492660554
6.3095734e+002;     4.923883;     3.013445;     2.955835;     1.178615;   3492660556
5.0118723e+002;     4.926271;     3.012371;     2.951395;     1.171760;   3492660558
3.9810717e+002;     4.926569;     3.009129;     2.944703;     1.163821;   3492660559
3.1622777e+002;     4.922963;     3.002490;     2.934657;     1.154350;   3492660561
2.5118864e+002;     4.924284;     2.998453;     2.926625;     1.145481;   3492660563
1.9952623e+002;     4.928062;     2.995353;     2.919065;     1.136575;   3492660565
1.5848932e+002;     4.924611;     2.986722;     2.906231;     1.125325;   3492660567
1.2589254e+002;     4.922189;     2.978284;     2.893166;     1.113720;   3492660568
1.0000000e+002;     4.929915;     2.976223;     2.885444;     1.103908;   3492660570
7.9432823e+001;     4.926571;     2.966345;     2.870360;     1.090930;   3492660572
6.3095734e+001;     4.924176;     2.956865;     2.855199;     1.077617;   3492660574
5.0118723e+001;     4.932169;     2.954015;     2.845521;     1.066072;   3492660576
3.9810717e+001;     4.928926;     2.943466;     2.828521;     1.051429;   3492660577
3.1622777e+001;     4.926716;     2.933397;     2.811497;     1.036460;   3492660579
2.5118864e+001;     4.925367;     2.923552;     2.794200;     1.021062;   3492660581
1.9952623e+001;     4.924522;     2.913782;     2.776547;     1.005180;   3492660583
1.5848932e+001;     4.924169;     2.904235;     2.758769;     0.988870;   3492660585
1.2589254e+001;     4.924143;     2.895171;     2.741213;     0.972247;   3492660587
1.0000000e+001;     4.924016;     2.886892;     2.724296;     0.955488;   3492660589
7.9432820e+000;     4.924008;     2.880375;     2.709088;     0.939015;   3492660591
6.3095730e+000;     4.923878;     2.875581;     2.695669;     0.923012;   3492660594
5.0118720e+000;     4.923722;     2.872561;     2.684178;     0.907612;   3492660596
3.9810720e+000;     4.923602;     2.870646;     2.674022;     0.892761;   3492660598
3.1622780e+000;     4.923497;     2.869365;     2.664784;     0.878393;   3492660601
2.5118860e+000;     4.923398;     2.867776;     2.655479;     0.864409;   3492660604
1.9952620e+000;     4.923560;     2.866418;     2.646628;     0.850945;   3492660607
1.5848930e+000;     4.923991;     2.864342;     2.637199;     0.837736;   3492660611
1.2589250e+000;     4.924580;     2.861823;     2.627441;     0.824797;   3492660615
1.0000000e+000;     4.925319;     2.859838;     2.618313;     0.812419;   3492660620
7.9432800e-001;     4.926615;     2.857100;     2.608354;     0.800264;   3492660626
5.0118700e-001;     4.928118;     2.850524;     2.587680;     0.772522;   3492660634
3.1622800e-001;     4.930075;     2.845764;     2.568400;     0.745930;   3492660645
1.9952600e-001;     4.931754;     2.832470;     2.538795;     0.722038;   3492660662
1.2589300e-001;     4.933528;     2.840056;     2.530427;     0.693667;   3492660688
7.9433000e-002;     4.935118;     2.833681;     2.505382;     0.671998;   3492660730
5.0119000e-002;     4.936757;     2.819424;     2.469866;     0.650150;   3492660792
3.1623000e-002;     4.938425;     2.821943;     2.451516;     0.630495;   3492660891
1.9953000e-002;     4.940221;     2.821286;     2.431679;     0.603835;   3492661044
1.2589000e-002;     4.942331;     2.805328;     2.399156;     0.570814;   3492661287
6.3100000e-003;     4.946119;     2.796239;     2.372697;     0.505623;   3492661765
2.5120000e-003;     4.950069;     2.842531;     2.400740;     0.425772;   3492662962
3.9810000e-003;     4.947208;     2.840682;     2.407191;     0.485395;   3492663719
1.0000000e-002;     4.940342;     2.831500;     2.413902;     0.612533;   3492664020
1.5849000e-002;     4.937377;     2.864073;     2.460747;     0.665935;   3492664214
2.5119000e-002;     4.934370;     2.893541;     2.509777;     0.714022;   3492664335
3.9811000e-002;     4.931822;     2.914251;     2.552861;     0.752018;   3492664415
6.3096000e-002;     4.929733;     2.947730;     2.610511;     0.778031;   3492664467
1.0000000e-001;     4.927554;     2.973188;     2.658625;     0.806482;   3492664499
1.5848900e-001;     4.925689;     2.960911;     2.666693;     0.831555;   3492664523
2.5118900e-001;     4.923501;     2.971269;     2.696009;     0.858610;   3492664537
3.9810700e-001;     4.921737;     2.952760;     2.695414;     0.884854;   3492664546
6.3095700e-001;     4.919864;     2.961306;     2.720642;     0.912836;   3492664553
1.0000000e+000;     4.917970;     2.956090;     2.732018;     0.938351;   3492664557
1.5848930e+000;     4.916591;     2.957074;     2.749278;     0.964131;   3492664561
2.5118860e+000;     4.916164;     2.960274;     2.768685;     0.989916;   3492664564
3.9810720e+000;     4.916456;     2.965751;     2.790244;     1.016393;   3492664567
6.3095730e+000;     4.916872;     2.976568;     2.816533;     1.044864;   3492664569
1.0000000e+001;     4.917158;     2.988634;     2.843391;     1.073618;   3492664571
1.5848932e+001;     4.917835;     2.998477;     2.867182;     1.100511;   3492664573
2.5118864e+001;     4.919599;     3.006781;     2.888377;     1.124547;   3492664575
3.9810717e+001;     4.923686;     3.015145;     2.908281;     1.145807;   3492664577
6.3095734e+001;     4.919638;     3.016873;     2.920979;     1.162119;   3492664578
1.0000000e+002;     4.925868;     3.024738;     2.937890;     1.178378;   3492664580
1.5848932e+002;     4.921113;     3.024351;     2.946315;     1.189821;   3492664582
2.5118864e+002;     4.921416;     3.026606;     2.956020;     1.200783;   3492664584
3.9810717e+002;     4.924036;     3.029603;     2.965481;     1.210940;   3492664586
6.3095734e+002;     4.921804;     3.028508;     2.970470;     1.218737;   3492664587
1.0000000e+003;     4.923677;     3.029555;     2.976669;     1.226657;   3492664589
1.5848932e+003;     4.924137;     3.029128;     2.980965;     1.233480;   3492664591
2.5118864e+003;     4.926126;     3.029386;     2.985297;     1.240048;   3492664593
3.9810717e+003;     4.924365;     3.027241;     2.986675;     1.245102;   3492664595
6.3095734e+003;     4.919483;     3.023188;     2.985659;     1.248821;   3492664596
1.0000000e+004;     4.914789;     3.019486;     2.984434;     1.252097;   3492664598
1.5848932e+004;     4.914241;     3.018679;     2.985609;     1.256030;   3492664600
2.5118864e+004;     4.910816;     3.016689;     2.985181;     1.259005;   3492664602
3.9810717e+004;     4.900973;     3.011987;     2.981661;     1.260531;   3492664604
