Moss jetpelare 2022-04-07fm
  0.5000
11
15
Type of measurement (0=app. resistivity,1=resistance)
0
421
2
1
Chargeability
mV/V
0.0127 1.9666
4       1.00       0.00       5.50       0.00       0.50       0.00       0.00       0.00      2.81727    16.30400 
4       1.50       0.00       6.00       0.00       1.00       0.00       0.50       0.00     0.866690   -22.20400 
4       2.00       0.00       6.50       0.00       1.50       0.00       1.00       0.00      1.65441     0.52587 
4       2.50       0.00       7.00       0.00       2.00       0.00       1.50       0.00      1.54946    -1.16680 
4       3.00       0.00       7.50       0.00       2.50       0.00       2.00       0.00      1.63822    -5.93450 
4       3.50       0.00       8.00       0.00       3.00       0.00       2.50       0.00      1.17579   -14.04200 
4       4.00       0.00       8.50       0.00       3.50       0.00       3.00       0.00      1.23121   -38.42300 
4       4.50       0.00       9.00       0.00       4.00       0.00       3.50       0.00      1.00767     1.32010 
4       5.00       0.00       9.50       0.00       4.50       0.00       4.00       0.00     0.908671    -4.49900 
4       5.50       0.00      10.00       0.00       5.00       0.00       4.50       0.00     0.813830   -31.94400 
4       6.00       0.00      10.50       0.00       5.50       0.00       5.00       0.00     0.798663   -12.90500 
4       6.50       0.00      11.00       0.00       6.00       0.00       5.50       0.00     0.866818    -1.89050 
4       7.00       0.00      11.50       0.00       6.50       0.00       6.00       0.00     0.860866    15.75700 
4       7.50       0.00      12.00       0.00       7.00       0.00       6.50       0.00     0.986361    18.58500 
4       8.00       0.00      12.50       0.00       7.50       0.00       7.00       0.00     0.869570     8.58140 
4       8.50       0.00      13.00       0.00       8.00       0.00       7.50       0.00     0.918718     5.24730 
4       9.00       0.00      13.50       0.00       8.50       0.00       8.00       0.00     0.986553     8.37030 
4       0.00       0.00       4.50       0.00       0.50       0.00       1.00       0.00      2.17424     1.33960 
4       0.50       0.00       5.00       0.00       1.00       0.00       1.50       0.00      2.56207     0.24562 
4       1.00       0.00       5.50       0.00       1.50       0.00       2.00       0.00      2.02337     0.56464 
4       1.50       0.00       6.00       0.00       2.00       0.00       2.50       0.00      2.54873     8.86700 
4       2.00       0.00       6.50       0.00       2.50       0.00       3.00       0.00      2.16199    -1.73990 
4       2.50       0.00       7.00       0.00       3.00       0.00       3.50       0.00      2.72205     5.04150 
4       3.00       0.00       7.50       0.00       3.50       0.00       4.00       0.00      1.23569  -263.95001 
4       3.50       0.00       8.00       0.00       4.00       0.00       4.50       0.00      2.75050   131.73000 
4       4.00       0.00       8.50       0.00       4.50       0.00       5.00       0.00      1.88790    16.25200 
4       4.50       0.00       9.00       0.00       5.00       0.00       5.50       0.00      1.63493   -11.19200 
4       5.00       0.00       9.50       0.00       5.50       0.00       6.00       0.00      1.74625    23.87300 
4       5.50       0.00      10.00       0.00       6.00       0.00       6.50       0.00      1.59446     0.97581 
4       6.00       0.00      10.50       0.00       6.50       0.00       7.00       0.00      1.72568     0.10177 
4       6.50       0.00      11.00       0.00       7.00       0.00       7.50       0.00      1.51069     1.34790 
4       7.00       0.00      11.50       0.00       7.50       0.00       8.00       0.00      1.53259    -0.72227 
4       7.50       0.00      12.00       0.00       8.00       0.00       8.50       0.00      1.68522     2.58810 
4       8.00       0.00      12.50       0.00       8.50       0.00       9.00       0.00      1.65016    -1.18400 
4       8.50       0.00      13.00       0.00       9.00       0.00       9.50       0.00      1.76694    -0.69117 
4       9.00       0.00      13.50       0.00       9.50       0.00      10.00       0.00      2.26409    49.09600 
4       1.50       0.00       6.00       0.00       0.50       0.00       0.00       0.00      6.20179     0.31832 
4       2.00       0.00       6.50       0.00       1.00       0.00       0.50       0.00      1.50426     8.53330 
4       2.50       0.00       7.00       0.00       1.50       0.00       1.00       0.00      3.82799     1.70450 
4       3.00       0.00       7.50       0.00       2.00       0.00       1.50       0.00      3.77348     1.28960 
4       3.50       0.00       8.00       0.00       2.50       0.00       2.00       0.00      3.76716     2.92620 
4       4.00       0.00       8.50       0.00       3.00       0.00       2.50       0.00      3.03632    -0.57469 
4       4.50       0.00       9.00       0.00       3.50       0.00       3.00       0.00      3.49426    14.19000 
4       5.00       0.00       9.50       0.00       4.00       0.00       3.50       0.00      2.26855   -21.28000 
4       5.50       0.00      10.00       0.00       4.50       0.00       4.00       0.00      2.42219    22.36900 
4       6.00       0.00      10.50       0.00       5.00       0.00       4.50       0.00      2.12479     4.43590 
4       6.50       0.00      11.00       0.00       5.50       0.00       5.00       0.00      1.96150    -2.65910 
4       7.00       0.00      11.50       0.00       6.00       0.00       5.50       0.00      2.10090    12.50100 
4       7.50       0.00      12.00       0.00       6.50       0.00       6.00       0.00      2.00947    -1.64830 
4       8.00       0.00      12.50       0.00       7.00       0.00       6.50       0.00      2.28573    -1.81950 
4       8.50       0.00      13.00       0.00       7.50       0.00       7.00       0.00      2.07938    14.98200 
4       9.00       0.00      13.50       0.00       8.00       0.00       7.50       0.00      2.12776    -3.46370 
4       0.00       0.00       4.50       0.00       1.00       0.00       1.50       0.00      5.18865     0.18958 
4       0.50       0.00       5.00       0.00       1.50       0.00       2.00       0.00      5.26930     0.75479 
4       1.00       0.00       5.50       0.00       2.00       0.00       2.50       0.00      5.98181     9.31830 
4       1.50       0.00       6.00       0.00       2.50       0.00       3.00       0.00      5.05637    -1.06590 
4       2.00       0.00       6.50       0.00       3.00       0.00       3.50       0.00      6.38244     4.14090 
4       2.50       0.00       7.00       0.00       3.50       0.00       4.00       0.00      2.90663  -284.12000 
4       3.00       0.00       7.50       0.00       4.00       0.00       4.50       0.00      6.56304   124.30000 
4       3.50       0.00       8.00       0.00       4.50       0.00       5.00       0.00      4.55794     7.52830 
4       4.00       0.00       8.50       0.00       5.00       0.00       5.50       0.00      4.00409   -14.45200 
4       4.50       0.00       9.00       0.00       5.50       0.00       6.00       0.00      4.29850    18.38700 
4       5.00       0.00       9.50       0.00       6.00       0.00       6.50       0.00      3.96583     0.98083 
4       5.50       0.00      10.00       0.00       6.50       0.00       7.00       0.00      4.27376     0.31324 
4       6.00       0.00      10.50       0.00       7.00       0.00       7.50       0.00      3.69270     1.49490 
4       6.50       0.00      11.00       0.00       7.50       0.00       8.00       0.00      3.70342    -0.47921 
4       7.00       0.00      11.50       0.00       8.00       0.00       8.50       0.00      4.14148     0.77281 
4       7.50       0.00      12.00       0.00       8.50       0.00       9.00       0.00      4.05011     0.60318 
4       8.00       0.00      12.50       0.00       9.00       0.00       9.50       0.00      4.28234    -1.27150 
4       8.50       0.00      13.00       0.00       9.50       0.00      10.00       0.00      5.54292    46.49000 
4       9.00       0.00      13.50       0.00      10.00       0.00      10.50       0.00      4.44892   -21.08100 
4       2.00       0.00      11.00       0.00       1.00       0.00       0.00       0.00      4.98908     1.33760 
4       2.50       0.00      11.50       0.00       1.50       0.00       0.50       0.00      3.81067     3.89300 
4       3.00       0.00      12.00       0.00       2.00       0.00       1.00       0.00      5.19041     0.85517 
4       3.50       0.00      12.50       0.00       2.50       0.00       1.50       0.00      5.13013     6.01330 
4       4.00       0.00      13.00       0.00       3.00       0.00       2.00       0.00      5.48914    61.46600 
4       4.50       0.00      13.50       0.00       3.50       0.00       2.50       0.00      4.49209     6.92240 
4       0.00       0.00       9.00       0.00       1.00       0.00       2.00       0.00      5.04383     0.66658 
4       0.50       0.00       9.50       0.00       1.50       0.00       2.50       0.00      6.05002     4.54440 
4       1.00       0.00      10.00       0.00       2.00       0.00       3.00       0.00      5.69016     4.29780 
4       1.50       0.00      10.50       0.00       2.50       0.00       3.50       0.00      5.93646     0.49885 
4       2.00       0.00      11.00       0.00       3.00       0.00       4.00       0.00      5.85565   -14.19400 
4       2.50       0.00      11.50       0.00       3.50       0.00       4.50       0.00      5.18020    -6.14640 
4       3.00       0.00      12.00       0.00       4.00       0.00       5.00       0.00      6.53559   103.31000 
4       3.50       0.00      12.50       0.00       4.50       0.00       5.50       0.00      3.32348  -193.00000 
4       4.00       0.00      13.00       0.00       5.00       0.00       6.00       0.00      4.70071     1.75870 
4       4.50       0.00      13.50       0.00       5.50       0.00       6.50       0.00      4.85201    22.09400 
4       2.00       0.00       6.50       0.00       0.50       0.00       0.00       0.00     10.54997     0.63488 
4       2.50       0.00       7.00       0.00       1.00       0.00       0.50       0.00      2.39159     0.67408 
4       3.00       0.00       7.50       0.00       1.50       0.00       1.00       0.00      6.30907    -2.25620 
4       3.50       0.00       8.00       0.00       2.00       0.00       1.50       0.00      5.85247     0.33005 
4       4.00       0.00       8.50       0.00       2.50       0.00       2.00       0.00      9.59675   137.05000 
4       4.50       0.00       9.00       0.00       3.00       0.00       2.50       0.00      4.88618     1.38080 
4       5.00       0.00       9.50       0.00       3.50       0.00       3.00       0.00      5.78427     3.01760 
4       6.00       0.00      10.50       0.00       4.50       0.00       4.00       0.00      3.91605     6.60090 
4       6.50       0.00      11.00       0.00       5.00       0.00       4.50       0.00      3.56833    -5.92840 
4       7.00       0.00      11.50       0.00       5.50       0.00       5.00       0.00      3.17214   -16.02300 
4       7.50       0.00      12.00       0.00       6.00       0.00       5.50       0.00      3.55347     9.40040 
4       8.00       0.00      12.50       0.00       6.50       0.00       6.00       0.00      3.44716     2.41370 
4       8.50       0.00      13.00       0.00       7.00       0.00       6.50       0.00      3.76229    -5.50140 
4       9.00       0.00      13.50       0.00       7.50       0.00       7.00       0.00      3.35086     3.22710 
4       0.00       0.00       4.50       0.00       1.50       0.00       2.00       0.00      7.36964     0.64324 
4       0.50       0.00       5.00       0.00       2.00       0.00       2.50       0.00      9.81577     8.99580 
4       1.00       0.00       5.50       0.00       2.50       0.00       3.00       0.00      7.51236    -0.64440 
4       1.50       0.00       6.00       0.00       3.00       0.00       3.50       0.00      9.49991     3.88770 
4       2.00       0.00       6.50       0.00       3.50       0.00       4.00       0.00      6.58980   -39.01000 
4       2.50       0.00       7.00       0.00       4.00       0.00       4.50       0.00      9.89979   126.56001 
4       3.00       0.00       7.50       0.00       4.50       0.00       5.00       0.00      6.63397     2.11550 
4       3.50       0.00       8.00       0.00       5.00       0.00       5.50       0.00      5.24852   -85.68300 
4       4.00       0.00       8.50       0.00       5.50       0.00       6.00       0.00      6.64528    15.68100 
4       4.50       0.00       9.00       0.00       6.00       0.00       6.50       0.00      6.21039     1.06800 
4       5.00       0.00       9.50       0.00       6.50       0.00       7.00       0.00      6.73548     0.31261 
4       5.50       0.00      10.00       0.00       7.00       0.00       7.50       0.00      5.78251     1.55050 
4       6.00       0.00      10.50       0.00       7.50       0.00       8.00       0.00      5.81455    -0.39809 
4       6.50       0.00      11.00       0.00       8.00       0.00       8.50       0.00      6.36846     0.67708 
4       7.00       0.00      11.50       0.00       8.50       0.00       9.00       0.00      6.35419     1.35630 
4       7.50       0.00      12.00       0.00       9.00       0.00       9.50       0.00      6.49636    -9.50080 
4       8.00       0.00      12.50       0.00       9.50       0.00      10.00       0.00     10.74452    80.64800 
4       8.50       0.00      13.00       0.00      10.00       0.00      10.50       0.00      6.49259   -40.67400 
4       9.00       0.00      13.50       0.00      10.50       0.00      11.00       0.00      6.94068   -10.96300 
4       2.50       0.00       7.00       0.00       0.50       0.00       0.00       0.00     14.35495     0.16807 
4       3.00       0.00       7.50       0.00       1.00       0.00       0.50       0.00      3.34295     0.62307 
4       3.50       0.00       8.00       0.00       1.50       0.00       1.00       0.00      8.28713    -0.55708 
4       4.00       0.00       8.50       0.00       2.00       0.00       1.50       0.00      8.12901    -0.15092 
4       4.50       0.00       9.00       0.00       2.50       0.00       2.00       0.00      9.07491    13.08900 
4       5.00       0.00       9.50       0.00       3.00       0.00       2.50       0.00      6.92103    -1.28690 
4       5.50       0.00      10.00       0.00       3.50       0.00       3.00       0.00     16.68650   193.41000 
4       6.00       0.00      10.50       0.00       4.00       0.00       3.50       0.00      5.25449   -52.57500 
4       6.50       0.00      11.00       0.00       4.50       0.00       4.00       0.00      5.70118    15.66900 
4       7.00       0.00      11.50       0.00       5.00       0.00       4.50       0.00      5.00948     1.04250 
4       7.50       0.00      12.00       0.00       5.50       0.00       5.00       0.00      4.57889   -12.07300 
4       8.00       0.00      12.50       0.00       6.00       0.00       5.50       0.00      5.08487     7.06190 
4       8.50       0.00      13.00       0.00       6.50       0.00       6.00       0.00      4.79609     0.29488 
4       9.00       0.00      13.50       0.00       7.00       0.00       6.50       0.00      5.25167    -4.69410 
4       0.00       0.00      13.50       0.00       1.50       0.00       3.00       0.00      8.34523     3.68350 
4       0.00       0.00       4.50       0.00       2.00       0.00       2.50       0.00     10.18787     8.05810 
4       0.50       0.00       5.00       0.00       2.50       0.00       3.00       0.00      8.98621    -0.92044 
4       1.00       0.00       5.50       0.00       3.00       0.00       3.50       0.00     14.29770   108.11000 
4       1.50       0.00       6.00       0.00       3.50       0.00       4.00       0.00      7.23886   -36.31500 
4       2.00       0.00       6.50       0.00       4.00       0.00       4.50       0.00      7.97305    22.84200 
4       2.50       0.00       7.00       0.00       4.50       0.00       5.00       0.00      7.36012     1.41050 
4       3.00       0.00       7.50       0.00       5.00       0.00       5.50       0.00      6.86155    -5.45300 
4       3.50       0.00       8.00       0.00       5.50       0.00       6.00       0.00      8.66577    63.36900 
4       4.00       0.00       8.50       0.00       6.00       0.00       6.50       0.00      7.10440     1.11260 
4       4.50       0.00       9.00       0.00       6.50       0.00       7.00       0.00      7.78235     0.33929 
4       5.00       0.00       9.50       0.00       7.00       0.00       7.50       0.00      6.81443     6.73560 
4       5.50       0.00      10.00       0.00       7.50       0.00       8.00       0.00      6.78301    -0.20076 
4       6.00       0.00      10.50       0.00       8.00       0.00       8.50       0.00      7.37866     0.75772 
4       6.50       0.00      11.00       0.00       8.50       0.00       9.00       0.00      7.22064     1.29870 
4       7.00       0.00      11.50       0.00       9.00       0.00       9.50       0.00      7.65795    -1.43590 
4       7.50       0.00      12.00       0.00       9.50       0.00      10.00       0.00      9.68993    52.69300 
4       8.00       0.00      12.50       0.00      10.00       0.00      10.50       0.00      5.98411   -92.33500 
4       8.50       0.00      13.00       0.00      10.50       0.00      11.00       0.00      7.69219   -17.48600 
4       9.00       0.00      13.50       0.00      11.00       0.00      11.50       0.00      7.34944    -5.02310 
4       3.00       0.00      12.00       0.00       1.00       0.00       0.00       0.00      9.95730     0.45547 
4       3.50       0.00      12.50       0.00       1.50       0.00       0.50       0.00      7.23220    -1.45250 
4       4.00       0.00      13.00       0.00       2.00       0.00       1.00       0.00      9.96797     0.75366 
4       4.50       0.00      13.50       0.00       2.50       0.00       1.50       0.00     10.50312     5.51270 
4       3.00       0.00       7.50       0.00       0.50       0.00       0.00       0.00     18.18118     0.08273 
4       3.50       0.00       8.00       0.00       1.00       0.00       0.50       0.00      3.96401     0.76224 
4       4.00       0.00       8.50       0.00       1.50       0.00       1.00       0.00     10.41721    -0.70104 
4       4.50       0.00       9.00       0.00       2.00       0.00       1.50       0.00     10.39709    -0.21472 
4       5.00       0.00       9.50       0.00       2.50       0.00       2.00       0.00     11.69709    11.96200 
4       5.50       0.00      10.00       0.00       3.00       0.00       2.50       0.00      9.06860    -0.07130 
4       6.00       0.00      10.50       0.00       3.50       0.00       3.00       0.00     11.27376    17.55500 
4       6.50       0.00      11.00       0.00       4.00       0.00       3.50       0.00      6.95943   -41.93600 
4       7.00       0.00      11.50       0.00       4.50       0.00       4.00       0.00      7.19264    16.72800 
4       7.50       0.00      12.00       0.00       5.00       0.00       4.50       0.00      6.52433     1.58120 
4       8.00       0.00      12.50       0.00       5.50       0.00       5.00       0.00      5.97961    -8.87940 
4       8.50       0.00      13.00       0.00       6.00       0.00       5.50       0.00      6.42955     7.67030 
4       9.00       0.00      13.50       0.00       6.50       0.00       6.00       0.00      6.01931     0.23507 
4       0.00       0.00       9.00       0.00       2.00       0.00       3.00       0.00     11.40153     4.56760 
4       0.50       0.00       9.50       0.00       2.50       0.00       3.50       0.00     13.02712     1.26300 
4       1.00       0.00      10.00       0.00       3.00       0.00       4.00       0.00     11.42627   -12.53400 
4       1.50       0.00      10.50       0.00       3.50       0.00       4.50       0.00      9.99927    -6.22290 
4       2.00       0.00      11.00       0.00       4.00       0.00       5.00       0.00     10.34662    17.60600 
4       2.50       0.00      11.50       0.00       4.50       0.00       5.50       0.00      9.68160    -7.02160 
4       3.00       0.00      12.00       0.00       5.00       0.00       6.00       0.00      9.72812     0.55121 
4       3.50       0.00      12.50       0.00       5.50       0.00       6.50       0.00     14.73319   133.36000 
4       4.00       0.00      13.00       0.00       6.00       0.00       7.00       0.00     10.41655     1.07760 
4       4.50       0.00      13.50       0.00       6.50       0.00       7.50       0.00     10.26514     2.05470 
4       3.50       0.00       8.00       0.00       0.50       0.00       0.00       0.00     20.21266     0.23224 
4       4.00       0.00       8.50       0.00       1.00       0.00       0.50       0.00      4.67924     0.88234 
4       4.50       0.00       9.00       0.00       1.50       0.00       1.00       0.00     12.46762    -0.60782 
4       5.00       0.00       9.50       0.00       2.00       0.00       1.50       0.00     12.57254    -0.06302 
4       5.50       0.00      10.00       0.00       2.50       0.00       2.00       0.00     14.35422    12.92700 
4       6.00       0.00      10.50       0.00       3.00       0.00       2.50       0.00     11.03332    -1.21020 
4       6.50       0.00      11.00       0.00       3.50       0.00       3.00       0.00     13.51040     8.93420 
4       7.00       0.00      11.50       0.00       4.00       0.00       3.50       0.00      8.23141   -41.06100 
4       7.50       0.00      12.00       0.00       4.50       0.00       4.00       0.00      8.78846    17.84000 
4       8.00       0.00      12.50       0.00       5.00       0.00       4.50       0.00      7.94720     1.45310 
4       8.50       0.00      13.00       0.00       5.50       0.00       5.00       0.00      7.07299    -9.69450 
4       9.00       0.00      13.50       0.00       6.00       0.00       5.50       0.00      7.77367    25.77700 
4       4.00       0.00      13.00       0.00       1.00       0.00       0.00       0.00     13.05351     0.54648 
4       4.50       0.00      13.50       0.00       1.50       0.00       0.50       0.00     10.04273     0.55062 
4       4.00       0.00       8.50       0.00       0.50       0.00       0.00       0.00     22.79873     0.69550 
4       4.50       0.00       9.00       0.00       1.00       0.00       0.50       0.00      5.36372     1.76160 
4       5.00       0.00       9.50       0.00       1.50       0.00       1.00       0.00     14.38019    -0.80495 
4       5.50       0.00      10.00       0.00       2.00       0.00       1.50       0.00     14.70453    -0.12267 
4       6.00       0.00      10.50       0.00       2.50       0.00       2.00       0.00     16.72763    12.81900 
4       6.50       0.00      11.00       0.00       3.00       0.00       2.50       0.00     12.83783    -1.22950 
4       7.00       0.00      11.50       0.00       3.50       0.00       3.00       0.00     15.19258     7.49030 
4       7.50       0.00      12.00       0.00       4.00       0.00       3.50       0.00      9.57786   -41.94300 
4       8.00       0.00      12.50       0.00       4.50       0.00       4.00       0.00     10.23561    18.49400 
4       8.50       0.00      13.00       0.00       5.00       0.00       4.50       0.00      8.98745     1.56640 
4       9.00       0.00      13.50       0.00       5.50       0.00       5.00       0.00      7.63960   -36.36700 
4       0.00       0.00       9.00       0.00       3.00       0.00       4.00       0.00     15.03387   -10.94700 
4       0.50       0.00       9.50       0.00       3.50       0.00       4.50       0.00     14.06554    -5.48170 
4       1.00       0.00      10.00       0.00       4.00       0.00       5.00       0.00     13.10206    15.62200 
4       1.50       0.00      10.50       0.00       4.50       0.00       5.50       0.00     12.18005    -6.32230 
4       2.00       0.00      11.00       0.00       5.00       0.00       6.00       0.00     12.58073     0.72088 
4       2.50       0.00      11.50       0.00       5.50       0.00       6.50       0.00     13.58245    11.72300 
4       3.00       0.00      12.00       0.00       6.00       0.00       7.00       0.00     13.93467     1.19380 
4       3.50       0.00      12.50       0.00       6.50       0.00       7.50       0.00     14.31435     2.24370 
4       4.00       0.00      13.00       0.00       7.00       0.00       8.00       0.00     13.52698     1.46020 
4       4.50       0.00      13.50       0.00       7.50       0.00       8.50       0.00     14.43284    -0.53338 
4       0.00       0.00      13.50       0.00       3.00       0.00       4.50       0.00     15.07856    -1.07480 
4       0.00       0.00       9.00       0.00       4.00       0.00       5.00       0.00     13.52707    11.85900 
4       0.50       0.00       9.50       0.00       4.50       0.00       5.50       0.00     13.34234    -6.01370 
4       1.00       0.00      10.00       0.00       5.00       0.00       6.00       0.00     12.75172     1.07900 
4       1.50       0.00      10.50       0.00       5.50       0.00       6.50       0.00     13.47052    10.30200 
4       2.00       0.00      11.00       0.00       6.00       0.00       7.00       0.00     14.19372     1.43070 
4       2.50       0.00      11.50       0.00       6.50       0.00       7.50       0.00     14.69763     2.56630 
4       3.00       0.00      12.00       0.00       7.00       0.00       8.00       0.00     14.17801     1.57820 
4       3.50       0.00      12.50       0.00       7.50       0.00       8.50       0.00     15.60869    -0.51523 
4       4.00       0.00      13.00       0.00       8.00       0.00       9.00       0.00     16.60960     1.07660 
4       4.50       0.00      13.50       0.00       8.50       0.00       9.50       0.00     17.38118     0.32748 
4       0.00       0.00      13.50       0.00       4.50       0.00       6.00       0.00     15.46445     3.51230 
4       0.00       0.00      13.50       0.00       6.00       0.00       7.50       0.00     17.33311     4.00780 
4       0.00       0.00       4.50       0.00       5.50       0.00       5.00       0.00      1.04677   -40.69800 
4       0.50       0.00       5.00       0.00       6.00       0.00       5.50       0.00      1.24957    74.28400 
4       1.00       0.00       5.50       0.00       6.50       0.00       6.00       0.00      1.02501     0.54837 
4       1.50       0.00       6.00       0.00       7.00       0.00       6.50       0.00      1.07282    -0.13025 
4       2.00       0.00       6.50       0.00       7.50       0.00       7.00       0.00     0.920894     2.83550 
4       2.50       0.00       7.00       0.00       8.00       0.00       7.50       0.00     0.883329    -1.69820 
4       3.00       0.00       7.50       0.00       8.50       0.00       8.00       0.00     0.959867     8.01180 
4       3.50       0.00       8.00       0.00       9.00       0.00       8.50       0.00     0.897984    -2.07200 
4       4.00       0.00       8.50       0.00       9.50       0.00       9.00       0.00     0.956155     0.94414 
4       4.50       0.00       9.00       0.00      10.00       0.00       9.50       0.00      1.24599    79.02000 
4       5.00       0.00       9.50       0.00      10.50       0.00      10.00       0.00     0.940028   -15.87900 
4       5.50       0.00      10.00       0.00      11.00       0.00      10.50       0.00      1.06693    45.96100 
4       6.00       0.00      10.50       0.00      11.50       0.00      11.00       0.00     0.681231   -86.34700 
4       6.50       0.00      11.00       0.00      12.00       0.00      11.50       0.00     0.750538  -107.18000 
4       7.00       0.00      11.50       0.00      12.50       0.00      12.00       0.00      1.30839   143.64999 
4       7.50       0.00      12.00       0.00      13.00       0.00      12.50       0.00      1.35677   196.46001 
4       8.00       0.00      12.50       0.00      13.50       0.00      13.00       0.00      5.68548   170.81000 
4       0.00       0.00       4.50       0.00       3.50       0.00       4.00       0.00      1.58973   -18.71600 
4       0.50       0.00       5.00       0.00       4.00       0.00       4.50       0.00      1.66550    11.98300 
4       1.00       0.00       5.50       0.00       4.50       0.00       5.00       0.00      1.49910     2.09720 
4       1.50       0.00       6.00       0.00       5.00       0.00       5.50       0.00      1.43989    -0.24961 
4       2.00       0.00       6.50       0.00       5.50       0.00       6.00       0.00      1.52009     1.93260 
4       2.50       0.00       7.00       0.00       6.00       0.00       6.50       0.00      1.57711    21.03100 
4       3.00       0.00       7.50       0.00       6.50       0.00       7.00       0.00      1.72611     8.26510 
4       3.50       0.00       8.00       0.00       7.00       0.00       7.50       0.00      1.57936    11.21200 
4       4.00       0.00       8.50       0.00       7.50       0.00       8.00       0.00      1.66842    20.76400 
4       4.50       0.00       9.00       0.00       8.00       0.00       8.50       0.00      1.78137     7.41180 
4       5.00       0.00       9.50       0.00       8.50       0.00       9.00       0.00      1.78059    15.10300 
4       5.50       0.00      10.00       0.00       9.00       0.00       9.50       0.00      1.82536    17.18700 
4       6.00       0.00      10.50       0.00       9.50       0.00      10.00       0.00      1.96998    20.36500 
4       6.50       0.00      11.00       0.00      10.00       0.00      10.50       0.00      1.90744     1.15370 
4       7.00       0.00      11.50       0.00      10.50       0.00      11.00       0.00      1.78835    -7.50050 
4       7.50       0.00      12.00       0.00      11.00       0.00      11.50       0.00      1.66641     2.27740 
4       8.00       0.00      12.50       0.00      11.50       0.00      12.00       0.00      1.91684     5.29810 
4       8.50       0.00      13.00       0.00      12.00       0.00      12.50       0.00      2.54551    54.00100 
4       9.00       0.00      13.50       0.00      12.50       0.00      13.00       0.00      1.56717   -18.14900 
4       0.00       0.00       4.50       0.00       6.00       0.00       5.50       0.00      3.28474    63.18400 
4       0.50       0.00       5.00       0.00       6.50       0.00       6.00       0.00      2.56437     0.53409 
4       1.00       0.00       5.50       0.00       7.00       0.00       6.50       0.00      2.74604    -0.10592 
4       1.50       0.00       6.00       0.00       7.50       0.00       7.00       0.00      2.29896     1.78150 
4       2.00       0.00       6.50       0.00       8.00       0.00       7.50       0.00      2.13822    -4.43740 
4       2.50       0.00       7.00       0.00       8.50       0.00       8.00       0.00      2.33253    -0.66747 
4       3.00       0.00       7.50       0.00       9.00       0.00       8.50       0.00      2.20674    -0.88515 
4       3.50       0.00       8.00       0.00       9.50       0.00       9.00       0.00      2.25118    -1.66550 
4       4.00       0.00       8.50       0.00      10.00       0.00       9.50       0.00      2.58727    19.31000 
4       4.50       0.00       9.00       0.00      10.50       0.00      10.00       0.00      2.20635   -15.39300 
4       5.00       0.00       9.50       0.00      11.00       0.00      10.50       0.00      2.13526   -12.68400 
4       6.50       0.00      11.00       0.00      12.50       0.00      12.00       0.00      2.56081    50.81200 
4       7.00       0.00      11.50       0.00      13.00       0.00      12.50       0.00      2.40382   109.57000 
4       7.50       0.00      12.00       0.00      13.50       0.00      13.00       0.00      1.35035   -63.06500 
4       0.00       0.00       4.50       0.00       3.00       0.00       3.50       0.00      5.72270    11.63800 
4       0.50       0.00       5.00       0.00       3.50       0.00       4.00       0.00      4.04599   -27.88300 
4       1.00       0.00       5.50       0.00       4.00       0.00       4.50       0.00      3.82695   -10.60100 
4       1.50       0.00       6.00       0.00       4.50       0.00       5.00       0.00      3.79050     1.71470 
4       2.00       0.00       6.50       0.00       5.00       0.00       5.50       0.00      3.63052    -0.86601 
4       2.50       0.00       7.00       0.00       5.50       0.00       6.00       0.00      3.82234     3.25560 
4       3.00       0.00       7.50       0.00       6.00       0.00       6.50       0.00      3.77517     0.88885 
4       3.50       0.00       8.00       0.00       6.50       0.00       7.00       0.00      4.31615    -0.09551 
4       4.00       0.00       8.50       0.00       7.00       0.00       7.50       0.00      3.78044     0.83390 
4       4.50       0.00       9.00       0.00       7.50       0.00       8.00       0.00      3.96253     1.08250 
4       5.00       0.00       9.50       0.00       8.00       0.00       8.50       0.00      4.27442    -1.02020 
4       5.50       0.00      10.00       0.00       8.50       0.00       9.00       0.00      4.15336     1.12690 
4       6.00       0.00      10.50       0.00       9.00       0.00       9.50       0.00      4.31037    -0.17658 
4       6.50       0.00      11.00       0.00       9.50       0.00      10.00       0.00      4.70918     4.24500 
4       7.50       0.00      12.00       0.00      10.50       0.00      11.00       0.00      3.32374   -97.36300 
4       8.00       0.00      12.50       0.00      11.00       0.00      11.50       0.00      4.13126     6.45470 
4       8.50       0.00      13.00       0.00      11.50       0.00      12.00       0.00      4.70688    -0.72682 
4       9.00       0.00      13.50       0.00      12.00       0.00      12.50       0.00      4.79808    21.67100 
4       0.00       0.00       9.00       0.00      11.00       0.00      10.00       0.00      3.04541   -23.11200 
4       0.50       0.00       9.50       0.00      11.50       0.00      10.50       0.00      2.70393   -29.85200 
4       1.00       0.00      10.00       0.00      12.00       0.00      11.00       0.00      1.57966  -396.85001 
4       1.50       0.00      10.50       0.00      12.50       0.00      11.50       0.00      2.62138   -48.79800 
4       2.00       0.00      11.00       0.00      13.00       0.00      12.00       0.00      3.23983    43.83000 
4       2.50       0.00      11.50       0.00      13.50       0.00      12.50       0.00      2.80377    73.28100 
4       0.00       0.00       9.00       0.00       7.00       0.00       8.00       0.00      3.88634     9.68840 
4       0.50       0.00       9.50       0.00       7.50       0.00       8.50       0.00      4.04564   -19.88300 
4       1.00       0.00      10.00       0.00       8.00       0.00       9.00       0.00      4.30869     0.89936 
4       1.50       0.00      10.50       0.00       8.50       0.00       9.50       0.00      4.43463     1.02590 
4       2.00       0.00      11.00       0.00       9.00       0.00      10.00       0.00      4.86936     1.83140 
4       2.50       0.00      11.50       0.00       9.50       0.00      10.50       0.00      5.29874     2.02820 
4       3.00       0.00      12.00       0.00      10.00       0.00      11.00       0.00      4.98693   -13.90600 
4       3.50       0.00      12.50       0.00      10.50       0.00      11.50       0.00      4.74451    -4.85640 
4       4.00       0.00      13.00       0.00      11.00       0.00      12.00       0.00      5.13422     0.40002 
4       4.50       0.00      13.50       0.00      11.50       0.00      12.50       0.00      5.87421    23.06700 
4       0.00       0.00       4.50       0.00       6.50       0.00       6.00       0.00      4.79674     0.58587 
4       0.50       0.00       5.00       0.00       7.00       0.00       6.50       0.00      4.81389    -0.20737 
4       1.00       0.00       5.50       0.00       7.50       0.00       7.00       0.00      4.12246     1.97980 
4       1.50       0.00       6.00       0.00       8.00       0.00       7.50       0.00      3.83882    -1.59310 
4       2.00       0.00       6.50       0.00       8.50       0.00       8.00       0.00      4.05164     0.05542 
4       2.50       0.00       7.00       0.00       9.00       0.00       8.50       0.00      3.88150     1.27440 
4       3.00       0.00       7.50       0.00       9.50       0.00       9.00       0.00      3.61408   -29.87200 
4       3.50       0.00       8.00       0.00      10.00       0.00       9.50       0.00      4.37445    31.12800 
4       4.00       0.00       8.50       0.00      10.50       0.00      10.00       0.00      3.65320   -14.70900 
4       4.50       0.00       9.00       0.00      11.00       0.00      10.50       0.00      3.48432   -11.86100 
4       5.00       0.00       9.50       0.00      11.50       0.00      11.00       0.00      2.92485   -29.38800 
4       6.50       0.00      11.00       0.00      13.00       0.00      12.50       0.00      3.42282    28.10400 
4       7.00       0.00      11.50       0.00      13.50       0.00      13.00       0.00      2.47797   -22.85300 
4       0.00       0.00       4.50       0.00       2.50       0.00       3.00       0.00      7.21049     0.40941 
4       0.50       0.00       5.00       0.00       3.00       0.00       3.50       0.00      9.39462     3.60430 
4       1.00       0.00       5.50       0.00       3.50       0.00       4.00       0.00      3.23566  -403.54999 
4       1.50       0.00       6.00       0.00       4.00       0.00       4.50       0.00      6.60138    18.97600 
4       2.00       0.00       6.50       0.00       4.50       0.00       5.00       0.00      6.13203     1.35680 
4       2.50       0.00       7.00       0.00       5.00       0.00       5.50       0.00      5.82236    -2.38870 
4       3.00       0.00       7.50       0.00       5.50       0.00       6.00       0.00      6.16461     8.23450 
4       3.50       0.00       8.00       0.00       6.00       0.00       6.50       0.00      6.12745     1.00450 
4       4.00       0.00       8.50       0.00       6.50       0.00       7.00       0.00      6.75972     0.30930 
4       4.50       0.00       9.00       0.00       7.00       0.00       7.50       0.00      5.89560     1.37640 
4       5.00       0.00       9.50       0.00       7.50       0.00       8.00       0.00      5.99308    -3.53330 
4       5.50       0.00      10.00       0.00       8.00       0.00       8.50       0.00      6.52976     0.93809 
4       6.00       0.00      10.50       0.00       8.50       0.00       9.00       0.00      6.34422     1.12050 
4       6.50       0.00      11.00       0.00       9.00       0.00       9.50       0.00      6.61943    -0.83576 
4       7.00       0.00      11.50       0.00       9.50       0.00      10.00       0.00     12.10653   103.58000 
4       7.50       0.00      12.00       0.00      10.00       0.00      10.50       0.00      8.41094    27.80500 
4       8.00       0.00      12.50       0.00      10.50       0.00      11.00       0.00      5.73780   -51.80400 
4       8.50       0.00      13.00       0.00      11.00       0.00      11.50       0.00      6.34826    -0.19934 
4       9.00       0.00      13.50       0.00      11.50       0.00      12.00       0.00      7.64323     1.76790 
4       0.00       0.00       4.50       0.00       7.00       0.00       6.50       0.00      7.57630     0.09514 
4       0.50       0.00       5.00       0.00       7.50       0.00       7.00       0.00      6.07544     2.04090 
4       1.00       0.00       5.50       0.00       8.00       0.00       7.50       0.00      5.79591    -1.89130 
4       1.50       0.00       6.00       0.00       8.50       0.00       8.00       0.00      6.09069    -0.45244 
4       2.00       0.00       6.50       0.00       9.00       0.00       8.50       0.00      5.61979     0.11749 
4       2.50       0.00       7.00       0.00       9.50       0.00       9.00       0.00      5.65487    -4.68870 
4       3.00       0.00       7.50       0.00      10.00       0.00       9.50       0.00      6.76418    56.53600 
4       3.50       0.00       8.00       0.00      10.50       0.00      10.00       0.00      5.08233   -13.88200 
4       4.00       0.00       8.50       0.00      11.00       0.00      10.50       0.00      4.85955   -11.15500 
4       4.50       0.00       9.00       0.00      11.50       0.00      11.00       0.00      4.05272   -26.41200 
4       5.00       0.00       9.50       0.00      12.00       0.00      11.50       0.00      5.17134    -8.03100 
4       6.50       0.00      11.00       0.00      13.50       0.00      13.00       0.00      3.65149    -9.00220 
4       0.00       0.00      13.50       0.00      10.50       0.00      12.00       0.00      9.04100   -14.81600 
4       0.00       0.00       9.00       0.00      12.00       0.00      11.00       0.00      5.66388   -26.56600 
4       0.50       0.00       9.50       0.00      12.50       0.00      11.50       0.00      6.53354    12.61000 
4       1.00       0.00      10.00       0.00      13.00       0.00      12.00       0.00      9.41070   176.74001 
4       1.50       0.00      10.50       0.00      13.50       0.00      12.50       0.00      9.29735   141.85001 
4       0.00       0.00       4.50       0.00       7.50       0.00       7.00       0.00      8.65176     2.14930 
4       0.50       0.00       5.00       0.00       8.00       0.00       7.50       0.00      7.73890    -1.50880 
4       1.00       0.00       5.50       0.00       8.50       0.00       8.00       0.00      8.33091    -0.34227 
4       1.50       0.00       6.00       0.00       9.00       0.00       8.50       0.00      7.72604     1.36460 
4       2.00       0.00       6.50       0.00       9.50       0.00       9.00       0.00      7.48689    -4.55210 
4       2.50       0.00       7.00       0.00      10.00       0.00       9.50       0.00      8.24635    20.12700 
4       3.00       0.00       7.50       0.00      10.50       0.00      10.00       0.00      6.69301   -13.35600 
4       3.50       0.00       8.00       0.00      11.00       0.00      10.50       0.00      6.12596   -10.37600 
4       4.00       0.00       8.50       0.00      11.50       0.00      11.00       0.00      5.14747   -24.25200 
4       4.50       0.00       9.00       0.00      12.00       0.00      11.50       0.00      6.41229    -8.57250 
4       5.00       0.00       9.50       0.00      12.50       0.00      12.00       0.00      6.45297    27.44700 
4       6.00       0.00      10.50       0.00      13.50       0.00      13.00       0.00      4.33533   -41.83500 
4       0.00       0.00       9.00       0.00       6.00       0.00       7.00       0.00      8.35356     1.23660 
4       0.50       0.00       9.50       0.00       6.50       0.00       7.50       0.00      9.07465    26.21800 
4       1.00       0.00      10.00       0.00       7.00       0.00       8.00       0.00      8.16982     1.76880 
4       1.50       0.00      10.50       0.00       7.50       0.00       8.50       0.00      8.87541    -0.80591 
4       2.00       0.00      11.00       0.00       8.00       0.00       9.00       0.00      9.42530     1.11570 
4       2.50       0.00      11.50       0.00       8.50       0.00       9.50       0.00     10.03456     0.57223 
4       3.00       0.00      12.00       0.00       9.00       0.00      10.00       0.00     11.81749    20.60600 
4       3.50       0.00      12.50       0.00       9.50       0.00      10.50       0.00     12.67845    12.79300 
4       4.00       0.00      13.00       0.00      10.00       0.00      11.00       0.00     11.23066   -20.85200 
4       4.50       0.00      13.50       0.00      10.50       0.00      11.50       0.00     11.47971    -4.67200 
4       0.00       0.00       4.50       0.00       8.00       0.00       7.50       0.00     10.33632    -1.32410 
4       0.50       0.00       5.00       0.00       8.50       0.00       8.00       0.00     10.40253    -0.59273 
4       1.00       0.00       5.50       0.00       9.00       0.00       8.50       0.00      9.90449     1.66300 
4       1.50       0.00       6.00       0.00       9.50       0.00       9.00       0.00      9.56943    -4.11930 
4       2.00       0.00       6.50       0.00      10.00       0.00       9.50       0.00     10.20501    19.15600 
4       2.50       0.00       7.00       0.00      10.50       0.00      10.00       0.00      8.40686   -11.76500 
4       3.00       0.00       7.50       0.00      11.00       0.00      10.50       0.00      7.56847    -9.79640 
4       3.50       0.00       8.00       0.00      11.50       0.00      11.00       0.00      6.11114   -22.28900 
4       4.00       0.00       8.50       0.00      12.00       0.00      11.50       0.00      7.57679    -8.48630 
4       4.50       0.00       9.00       0.00      12.50       0.00      12.00       0.00      7.50994    25.81600 
4       5.00       0.00       9.50       0.00      13.00       0.00      12.50       0.00      6.85052    15.93700 
4       5.50       0.00      10.00       0.00      13.50       0.00      13.00       0.00      5.58047    14.08000 
4       0.00       0.00       9.00       0.00      13.00       0.00      12.00       0.00      8.67538    28.35200 
4       0.50       0.00       9.50       0.00      13.50       0.00      12.50       0.00      7.21574    12.65700 
4       0.00       0.00       4.50       0.00       8.50       0.00       8.00       0.00     13.27160    -0.30001 
4       0.50       0.00       5.00       0.00       9.00       0.00       8.50       0.00     11.80146     1.64680 
4       1.00       0.00       5.50       0.00       9.50       0.00       9.00       0.00     11.71041    -3.81420 
4       1.50       0.00       6.00       0.00      10.00       0.00       9.50       0.00     12.38699    17.60300 
4       2.00       0.00       6.50       0.00      10.50       0.00      10.00       0.00      9.99901   -11.57200 
4       2.50       0.00       7.00       0.00      11.00       0.00      10.50       0.00      9.07873    -8.30870 
4       3.00       0.00       7.50       0.00      11.50       0.00      11.00       0.00      7.23197   -21.33200 
4       3.50       0.00       8.00       0.00      12.00       0.00      11.50       0.00      8.54459    -7.81950 
4       4.00       0.00       8.50       0.00      12.50       0.00      12.00       0.00      8.46617    24.50300 
4       4.50       0.00       9.00       0.00      13.00       0.00      12.50       0.00      7.60194    14.82700 
4       5.00       0.00       9.50       0.00      13.50       0.00      13.00       0.00      5.73745   -15.90500 
4       0.00       0.00       9.00       0.00       5.00       0.00       6.00       0.00     11.04422     2.36930 
4       0.50       0.00       9.50       0.00       5.50       0.00       6.50       0.00     12.00501     9.00440 
4       1.00       0.00      10.00       0.00       6.00       0.00       7.00       0.00     11.97755     1.49460 
4       1.50       0.00      10.50       0.00       6.50       0.00       7.50       0.00     12.11111     2.99980 
4       2.00       0.00      11.00       0.00       7.00       0.00       8.00       0.00     11.91615     1.73130 
4       2.50       0.00      11.50       0.00       7.50       0.00       8.50       0.00     13.25824    -0.69073 
4       3.00       0.00      12.00       0.00       8.00       0.00       9.00       0.00     14.11616     0.91868 
4       3.50       0.00      12.50       0.00       8.50       0.00       9.50       0.00     14.94070     0.54546 
4       4.00       0.00      13.00       0.00       9.00       0.00      10.00       0.00     17.85753    21.11200 
4       4.50       0.00      13.50       0.00       9.50       0.00      10.50       0.00     18.32769     5.80620 
4       0.00       0.00      13.50       0.00       9.00       0.00      10.50       0.00     19.43924    25.05800 
4       0.00       0.00      13.50       0.00       7.50       0.00       9.00       0.00     18.50757     1.59130 
0
0
0
0
0
0
0



RES2DINVx64 ver. 4.9.11 :- 1609
Windows 10
Key ID number is 1609
